    TIME (SEC)       VELOCITY
   1.00005e-11   2.00731e+04
   2.00016e-11   1.66247e+04
   3.00036e-11   1.28309e+04
   4.00037e-11   1.01989e+04
   5.00057e-11   7.30002e+03
   6.00099e-11   6.45270e+03
   7.00116e-11   5.29911e+03
   8.00132e-11   3.96484e+03
   9.00179e-11   3.84943e+03
   1.00023e-10   3.11943e+03
   1.10027e-10   2.74932e+03
   1.20033e-10   1.94591e+03
   1.30034e-10   1.96734e+03
   1.40034e-10   1.71102e+03
   1.50040e-10   1.47896e+03
   1.60042e-10   1.10769e+03
   1.70048e-10   1.06713e+03
   1.80049e-10   9.33237e+02
   1.90052e-10   8.11471e+02
   2.00055e-10   7.04615e+02
   2.10058e-10   6.11506e+02
   2.20061e-10   5.30748e+02
   2.30062e-10   4.60745e+02
   2.40068e-10   3.99951e+02
   2.50073e-10   3.47256e+02
   2.60074e-10   3.01485e+02
   2.70080e-10   2.61802e+02
   2.80082e-10   2.18169e+02
   2.90088e-10   1.93076e+02
   3.00089e-10   1.69071e+02
   3.10093e-10   1.47699e+02
   3.20099e-10   1.28910e+02
   3.30101e-10   1.12472e+02
   3.40104e-10   9.81385e+01
   3.50109e-10   8.56449e+01
   3.60114e-10   7.47144e+01
   3.70115e-10   6.52084e+01
   3.80116e-10   5.68915e+01
   3.90118e-10   4.96445e+01
   4.00120e-10   -2.82533e+05
   4.10123e-10   -3.53509e+05
   4.20126e-10   5.22617e+05
   4.30129e-10   2.85277e+05
   4.40132e-10   -4.84578e+05
   4.50135e-10   -3.03309e+05
   4.60137e-10   -1.37600e+05
   4.70139e-10   -1.38816e+05
   4.80140e-10   0.00000e+00
   4.90146e-10   0.00000e+00
   5.00152e-10   0.00000e+00
   5.10156e-10   0.00000e+00
   5.20159e-10   0.00000e+00
   5.30160e-10   0.00000e+00
   5.40166e-10   0.00000e+00
   5.50170e-10   0.00000e+00
   5.60172e-10   -8.22772e+02
   5.70178e-10   -1.57639e+03
   5.80182e-10   -2.06034e+03
   5.90183e-10   -2.43864e+03
   6.00188e-10   -2.75480e+03
   6.10190e-10   0.00000e+00
   6.20195e-10   -2.50646e+03
   6.30198e-10   -2.91833e+03
   6.40204e-10   -3.19396e+03
   6.50206e-10   0.00000e+00
   6.60212e-10   -1.34039e+03
   6.70215e-10   -1.82771e+03
   6.80220e-10   -2.15524e+03
   6.90222e-10   -2.40681e+03
   7.00226e-10   -2.61265e+03
   7.10227e-10   -1.38989e+03
   7.20231e-10   -1.80635e+03
   7.30237e-10   -2.02065e+03
   7.40239e-10   -2.18836e+03
   7.50244e-10   -2.32924e+03
   7.60245e-10   -2.45138e+03
   7.70248e-10   -1.76005e+03
   7.80253e-10   -1.93688e+03
   7.90254e-10   -2.05662e+03
   8.00256e-10   -2.15706e+03
   8.10261e-10   -2.24487e+03
   8.20268e-10   -1.29746e+03
   8.30269e-10   -1.82500e+03
   8.40273e-10   -1.93760e+03
   8.50278e-10   -2.01654e+03
   8.60284e-10   -2.08410e+03
   8.70285e-10   -2.14455e+03
   8.80288e-10   -1.49291e+03
   8.90291e-10   -1.79344e+03
   9.00296e-10   -1.88520e+03
   9.10302e-10   -1.94518e+03
   9.20308e-10   -1.99542e+03
   9.30309e-10   -2.04062e+03
   9.40311e-10   -1.42310e+03
   9.50313e-10   -1.71442e+03
   9.60316e-10   -1.80782e+03
   9.70320e-10   -1.86168e+03
   9.80324e-10   -1.90345e+03
   9.90328e-10   -1.94004e+03
   1.00033e-09   -1.12252e+03
   1.01034e-09   -1.59645e+03
   1.02034e-09   -1.71230e+03
   1.03035e-09   -1.77161e+03
   1.04035e-09   -1.81206e+03
   1.05036e-09   -1.84484e+03
   1.06037e-09   -1.87368e+03
   1.07037e-09   -1.40639e+03
   1.08038e-09   -1.59206e+03
   1.09038e-09   -1.67126e+03
   1.10039e-09   -1.71878e+03
   1.11040e-09   -1.75300e+03
   1.12040e-09   -1.78074e+03
   1.13041e-09   -1.80504e+03
   1.14041e-09   -1.41168e+03
   1.15041e-09   -1.54822e+03
   1.16042e-09   -1.61567e+03
   1.17042e-09   -1.65880e+03
   1.18042e-09   -1.69018e+03
   1.19043e-09   -1.71541e+03
   1.20043e-09   -1.73716e+03
   1.21043e-09   -1.35276e+03
   1.22043e-09   -1.48596e+03
   1.23043e-09   -1.55185e+03
   1.24044e-09   -1.59443e+03
   1.25044e-09   -1.62550e+03
   1.26045e-09   -1.65004e+03
   1.27045e-09   -1.67061e+03
   1.28045e-09   -1.23221e+03
   1.29046e-09   -1.40715e+03
   1.30046e-09   -1.48034e+03
   1.31046e-09   -1.52607e+03
   1.32046e-09   -1.55885e+03
   1.33047e-09   -1.58424e+03
   1.34047e-09   -1.60503e+03
   1.35048e-09   -7.85247e+02
   1.36048e-09   -1.29601e+03
   1.37048e-09   -1.39732e+03
   1.38048e-09   -1.45184e+03
   1.39048e-09   -1.48894e+03
   1.40049e-09   -1.51688e+03
   1.41050e-09   -1.53920e+03
   1.42050e-09   -1.55784e+03
   1.43050e-09   -1.02477e+03
   1.44051e-09   -1.28440e+03
   1.45051e-09   -1.36570e+03
   1.46051e-09   -1.41277e+03
   1.47051e-09   -1.44598e+03
   1.48052e-09   -1.47148e+03
   1.49052e-09   -1.49220e+03
   1.50052e-09   -1.50961e+03
   1.51053e-09   -9.88637e+02
   1.52053e-09   -1.24331e+03
   1.53053e-09   -1.32190e+03
   1.54054e-09   -1.36727e+03
   1.55054e-09   -1.39918e+03
   1.56054e-09   -1.42383e+03
   1.57055e-09   -1.44388e+03
   1.58055e-09   -1.46077e+03
   1.59055e-09   -6.79704e+02
   1.60056e-09   -1.17508e+03
   1.61056e-09   -1.26715e+03
   1.62056e-09   -1.31588e+03
   1.63056e-09   -1.34900e+03
   1.64057e-09   -1.37409e+03
   1.65058e-09   -1.39438e+03
   1.66058e-09   -1.41139e+03
   1.67058e-09   -1.42598e+03
   1.68058e-09   -1.04478e+03
   1.69059e-09   -1.19564e+03
   1.70059e-09   -1.25677e+03
   1.71060e-09   -1.29448e+03
   1.72060e-09   -1.32181e+03
   1.73060e-09   -1.34332e+03
   1.74060e-09   -1.36110e+03
   1.75061e-09   -1.37624e+03
   1.76062e-09   -1.38944e+03
   1.77062e-09   -1.07739e+03
   1.78062e-09   -1.18191e+03
   1.79062e-09   -1.23224e+03
   1.80062e-09   -1.26514e+03
   1.81063e-09   -1.28959e+03
   1.82063e-09   -1.30918e+03
   1.83064e-09   -1.32554e+03
   1.84064e-09   -1.33958e+03
   1.85064e-09   -1.35190e+03
   1.86065e-09   -1.05469e+03
   1.87065e-09   -1.15180e+03
   1.88065e-09   -1.19945e+03
   1.89066e-09   -1.23072e+03
   1.90066e-09   -1.25406e+03
   1.91066e-09   -1.27277e+03
   1.92067e-09   -1.28845e+03
   1.93067e-09   -1.30193e+03
   1.94067e-09   -1.31377e+03
   1.95067e-09   -9.92302e+02
   1.96068e-09   -1.10831e+03
   1.97069e-09   -1.15964e+03
   1.98069e-09   -1.19205e+03
   1.99069e-09   -1.21571e+03
   2.00069e-09   -1.23448e+03
   2.01069e-09   -1.25008e+03
   2.02070e-09   -1.26346e+03
   2.03070e-09   -1.27518e+03
   2.04071e-09   -8.23265e+02
   2.05071e-09   -1.04528e+03
   2.06071e-09   -1.11107e+03
   2.07071e-09   -1.14831e+03
   2.08072e-09   -1.17418e+03
   2.09072e-09   -1.19409e+03
   2.10072e-09   -1.21030e+03
   2.11072e-09   -1.22404e+03
   2.12073e-09   -1.23600e+03
   2.13074e-09   -1.24660e+03
   2.14074e-09   -9.22678e+02
   2.15074e-09   -1.04559e+03
   2.16074e-09   -1.09652e+03
   2.17075e-09   -1.12797e+03
   2.18075e-09   -1.15070e+03
   2.19076e-09   -1.16856e+03
   2.20076e-09   -1.18334e+03
   2.21076e-09   -1.19597e+03
   2.22077e-09   -1.20704e+03
   2.23077e-09   -1.21689e+03
   2.24077e-09   -9.21440e+02
   2.25078e-09   -1.02621e+03
   2.26078e-09   -1.07267e+03
   2.27078e-09   -1.10203e+03
   2.28078e-09   -1.12342e+03
   2.29079e-09   -1.14036e+03
   2.30079e-09   -1.15442e+03
   2.31079e-09   -1.16645e+03
   2.32079e-09   -1.17703e+03
   2.33080e-09   -1.18646e+03
   2.34080e-09   -8.71811e+02
   2.35081e-09   -9.92725e+02
   2.36081e-09   -1.04166e+03
   2.37081e-09   -1.07160e+03
   2.38082e-09   -1.09312e+03
   2.39082e-09   -1.11001e+03
   2.40082e-09   -1.12391e+03
   2.41083e-09   -1.13579e+03
   2.42083e-09   -1.14620e+03
   2.43083e-09   -1.15544e+03
   2.44084e-09   -7.12560e+02
   2.45084e-09   -9.40980e+02
   2.46085e-09   -1.00240e+03
   2.47085e-09   -1.03639e+03
   2.48085e-09   -1.05968e+03
   2.49085e-09   -1.07744e+03
   2.50086e-09   -1.09184e+03
   2.51086e-09   -1.10399e+03
   2.52086e-09   -1.11454e+03
   2.53087e-09   -1.12387e+03
   2.54087e-09   -1.13226e+03
   2.55088e-09   -8.38451e+02
   2.56088e-09   -9.48585e+02
   2.57088e-09   -9.93969e+02
   2.58089e-09   -1.02187e+03
   2.59089e-09   -1.04199e+03
   2.60089e-09   -1.05773e+03
   2.61090e-09   -1.07074e+03
   2.62090e-09   -1.08185e+03
   2.63090e-09   -1.09155e+03
   2.64090e-09   -1.10021e+03
   2.65091e-09   -1.10803e+03
   2.66091e-09   -8.48214e+02
   2.67092e-09   -9.36187e+02
   2.68092e-09   -9.76373e+02
   2.69092e-09   -1.00190e+03
   2.70092e-09   -1.02057e+03
   2.71093e-09   -1.03535e+03
   2.72093e-09   -1.04763e+03
   2.73094e-09   -1.05814e+03
   2.74094e-09   -1.06737e+03
   2.75094e-09   -1.07563e+03
   2.76095e-09   -1.08308e+03
   2.77095e-09   -8.18026e+02
   2.78096e-09   -9.11434e+02
   2.79096e-09   -9.52206e+02
   2.80096e-09   -9.77746e+02
   2.81096e-09   -9.96269e+02
   2.82097e-09   -1.01084e+03
   2.83097e-09   -1.02290e+03
   2.84098e-09   -1.03321e+03
   2.85098e-09   -1.04225e+03
   2.86098e-09   -1.05031e+03
   2.87098e-09   -1.05759e+03
   2.88099e-09   -7.30317e+02
   2.89099e-09   -8.72683e+02
   2.90100e-09   -9.21297e+02
   2.91100e-09   -9.49412e+02
   2.92100e-09   -9.69073e+02
   2.93100e-09   -9.84242e+02
   2.94101e-09   -9.96592e+02
   2.95101e-09   -1.00708e+03
   2.96101e-09   -1.01620e+03
   2.97102e-09   -1.02428e+03
   2.98102e-09   -1.03157e+03
   2.99102e-09   -1.03821e+03
   3.00102e-09   -8.04307e+02
   3.01103e-09   -8.79713e+02
   3.02103e-09   -9.15407e+02
   3.03103e-09   -9.38321e+02
   3.04103e-09   -9.55161e+02
   3.05104e-09   -9.68508e+02
   3.06104e-09   -9.79602e+02
   3.07105e-09   -9.89125e+02
   3.08105e-09   -9.97506e+02
   3.09105e-09   -1.00498e+03
   3.10105e-09   -1.01174e+03
   3.11105e-09   -5.08526e+02
   3.12106e-09   -8.10810e+02
   3.13106e-09   -8.70591e+02
   3.14107e-09   -9.01677e+02
   3.15107e-09   -9.22340e+02
   3.16107e-09   -9.37849e+02
   3.17107e-09   -9.50283e+02
   3.18108e-09   -9.60694e+02
   3.19108e-09   -9.69679e+02
   3.20109e-09   -9.77602e+02
   3.21109e-09   -9.84702e+02
   3.22109e-09   -9.91145e+02
   3.23109e-09   -4.78392e+02
   3.24110e-09   -7.92729e+02
   3.25110e-09   -8.51930e+02
   3.26111e-09   -8.82548e+02
   3.27111e-09   -9.02817e+02
   3.28111e-09   -9.17966e+02
   3.29111e-09   -9.30115e+02
   3.30112e-09   -9.40258e+02
   3.31112e-09   -9.49021e+02
   3.32113e-09   -9.56743e+02
   3.33113e-09   -9.63648e+02
   3.34113e-09   -9.69923e+02
   3.35113e-09   -9.75673e+02
   3.36113e-09   -7.49625e+02
   3.37114e-09   -8.24066e+02
   3.38115e-09   -8.58252e+02
   3.39115e-09   -8.79905e+02
   3.40115e-09   -8.95689e+02
   3.41115e-09   -9.08132e+02
   3.42115e-09   -9.18436e+02
   3.43116e-09   -9.27273e+02
   3.44117e-09   -9.35005e+02
   3.45117e-09   -9.41905e+02
   3.46117e-09   -9.48158e+02
   3.47118e-09   -9.53862e+02
   3.48118e-09   -6.31469e+02
   3.49118e-09   -7.81106e+02
   3.50118e-09   -8.26998e+02
   3.51119e-09   -8.52848e+02
   3.52119e-09   -8.70617e+02
   3.53120e-09   -8.84126e+02
   3.54120e-09   -8.95089e+02
   3.55120e-09   -9.04330e+02
   3.56120e-09   -9.12328e+02
   3.57120e-09   -9.19420e+02
   3.58121e-09   -9.25793e+02
   3.59121e-09   -9.31589e+02
   3.60121e-09   -9.36912e+02
   3.61122e-09   -6.88447e+02
   3.62122e-09   -7.81607e+02
   3.63122e-09   -8.18905e+02
   3.64123e-09   -8.41354e+02
   3.65123e-09   -8.57311e+02
   3.66124e-09   -8.69720e+02
   3.67124e-09   -8.79869e+02
   3.68124e-09   -8.88495e+02
   3.69124e-09   -8.96034e+02
   3.70125e-09   -9.02720e+02
   3.71125e-09   -9.08762e+02
   3.72126e-09   -9.14273e+02
   3.73126e-09   -9.19334e+02
   3.74126e-09   -6.81519e+02
   3.75127e-09   -7.68462e+02
   3.76127e-09   -8.04031e+02
   3.77127e-09   -8.25690e+02
   3.78128e-09   -8.41126e+02
   3.79128e-09   -8.53125e+02
   3.80129e-09   -8.62966e+02
   3.81129e-09   -8.71335e+02
   3.82129e-09   -8.78637e+02
   3.83129e-09   -8.85129e+02
   3.84130e-09   -8.90996e+02
   3.85130e-09   -8.96337e+02
   3.86131e-09   -9.01255e+02
   3.87131e-09   -6.28260e+02
   3.88131e-09   -7.43432e+02
   3.89131e-09   -7.83296e+02
   3.90132e-09   -8.06351e+02
   3.91132e-09   -8.22342e+02
   3.92133e-09   -8.34612e+02
   3.93133e-09   -8.44577e+02
   3.94134e-09   -8.52978e+02
   3.95134e-09   -8.60286e+02
   3.96134e-09   -8.66759e+02
   3.97134e-09   -8.72570e+02
   3.98134e-09   -8.77870e+02
   3.99135e-09   -8.82741e+02
   4.00135e-09   -3.06617e+02
   4.01136e-09   -6.98703e+02
   4.02136e-09   -7.54708e+02
   4.03136e-09   -7.82519e+02
   4.04137e-09   -8.00609e+02
   4.05137e-09   -8.13958e+02
   4.06137e-09   -8.24548e+02
   4.07138e-09   -8.33368e+02
   4.08138e-09   -8.40921e+02
   4.09139e-09   -8.47556e+02
   4.10139e-09   -8.53497e+02
   4.11139e-09   -8.58867e+02
   4.12139e-09   -8.63782e+02
   4.13139e-09   -8.68327e+02
   4.14140e-09   -5.70241e+02
   4.15140e-09   -7.09497e+02
   4.16141e-09   -7.51316e+02
   4.17141e-09   -7.74549e+02
   4.18141e-09   -7.90445e+02
   4.19142e-09   -8.02485e+02
   4.20142e-09   -8.12177e+02
   4.21142e-09   -8.20339e+02
   4.22142e-09   -8.27398e+02
   4.23143e-09   -8.33634e+02
   4.24143e-09   -8.39231e+02
   4.25143e-09   -8.44317e+02
   4.26144e-09   -8.48986e+02
   4.27144e-09   -8.53306e+02
   4.28144e-09   -5.85025e+02
   4.29145e-09   -7.01479e+02
   4.30145e-09   -7.40108e+02
   4.31146e-09   -7.62052e+02
   4.32146e-09   -7.77187e+02
   4.33146e-09   -7.88738e+02
   4.34147e-09   -7.98066e+02
   4.35147e-09   -8.05922e+02
   4.36147e-09   -8.12742e+02
   4.37147e-09   -8.18761e+02
   4.38148e-09   -8.24180e+02
   4.39148e-09   -8.29107e+02
   4.40149e-09   -8.33624e+02
   4.41149e-09   -8.37814e+02
   4.42149e-09   -5.22186e+02
   4.43150e-09   -6.79943e+02
   4.44150e-09   -7.22583e+02
   4.45150e-09   -7.45708e+02
   4.46151e-09   -7.61297e+02
   4.47151e-09   -7.73016e+02
   4.48152e-09   -7.82419e+02
   4.49152e-09   -7.90291e+02
   4.50152e-09   -7.97082e+02
   4.51153e-09   -8.03069e+02
   4.52153e-09   -8.08434e+02
   4.53153e-09   -8.13305e+02
   4.54153e-09   -8.17771e+02
   4.55154e-09   -8.21909e+02
   4.56154e-09   -8.25753e+02
   4.57155e-09   -6.36643e+02
   4.58155e-09   -6.97113e+02
   4.59155e-09   -7.24925e+02
   4.60155e-09   -7.42463e+02
   4.61155e-09   -7.55197e+02
   4.62156e-09   -7.65161e+02
   4.63156e-09   -7.73390e+02
   4.64157e-09   -7.80409e+02
   4.65157e-09   -7.86534e+02
   4.66158e-09   -7.92000e+02
   4.67158e-09   -7.96937e+02
   4.68158e-09   -8.01437e+02
   4.69158e-09   -8.05594e+02
   4.70158e-09   -8.09453e+02
   4.71159e-09   -4.90136e+02
   4.72159e-09   -6.54915e+02
   4.73160e-09   -6.96983e+02
   4.74160e-09   -7.19529e+02
   4.75160e-09   -7.34633e+02
   4.76161e-09   -7.45940e+02
   4.77161e-09   -7.54986e+02
   4.78161e-09   -7.62543e+02
   4.79161e-09   -7.69050e+02
   4.80162e-09   -7.74780e+02
   4.81162e-09   -7.79920e+02
   4.82163e-09   -7.84572e+02
   4.83163e-09   -7.88837e+02
   4.84163e-09   -7.92786e+02
   4.85164e-09   -7.96453e+02
   4.86164e-09   -5.28659e+02
   4.87164e-09   -6.51140e+02
   4.88165e-09   -6.88580e+02
   4.89165e-09   -7.09466e+02
   4.90166e-09   -7.23688e+02
   4.91166e-09   -7.34413e+02
   4.92166e-09   -7.43059e+02
   4.93167e-09   -7.50308e+02
   4.94167e-09   -7.56556e+02
   4.95167e-09   -7.62078e+02
   4.96167e-09   -7.67029e+02
   4.97168e-09   -7.71526e+02
   4.98168e-09   -7.75651e+02
   4.99169e-09   -7.79467e+02
   5.00169e-09   -7.83020e+02
   5.01169e-09   -4.78526e+02
   5.02170e-09   -6.33849e+02
   5.03170e-09   -6.74105e+02
   5.04170e-09   -6.95707e+02
   5.05170e-09   -7.10171e+02
   5.06170e-09   -7.20991e+02
   5.07171e-09   -7.29639e+02
   5.08171e-09   -7.36858e+02
   5.09172e-09   -7.43082e+02
   5.10172e-09   -7.48548e+02
   5.11172e-09   -7.53439e+02
   5.12173e-09   -7.57883e+02
   5.13173e-09   -7.61947e+02
   5.14173e-09   -7.65703e+02
   5.15173e-09   -7.69204e+02
   5.16174e-09   -7.72476e+02
   5.17174e-09   -5.97064e+02
   5.18175e-09   -6.52277e+02
   5.19175e-09   -6.77811e+02
   5.20175e-09   -6.93934e+02
   5.21176e-09   -7.05597e+02
   5.22176e-09   -7.14707e+02
   5.23176e-09   -7.22219e+02
   5.24176e-09   -7.28618e+02
   5.25177e-09   -7.34205e+02
   5.26177e-09   -7.39176e+02
   5.27178e-09   -7.43663e+02
   5.28178e-09   -7.47759e+02
   5.29179e-09   -7.51533e+02
   5.30179e-09   -7.55037e+02
   5.31179e-09   -7.58309e+02
   5.32179e-09   -4.82053e+02
   5.33179e-09   -6.16197e+02
   5.34179e-09   -6.53621e+02
   5.35180e-09   -6.73975e+02
   5.36181e-09   -6.87672e+02
   5.37181e-09   -6.97960e+02
   5.38182e-09   -7.06175e+02
   5.39182e-09   -7.13037e+02
   5.40182e-09   -7.18955e+02
   5.41182e-09   -7.24153e+02
   5.42183e-09   -7.28805e+02
   5.43183e-09   -7.33033e+02
   5.44183e-09   -7.36899e+02
   5.45183e-09   -7.40479e+02
   5.46184e-09   -7.43805e+02
   5.47184e-09   -7.46924e+02
   5.48185e-09   -5.19135e+02
   5.49185e-09   -6.14631e+02
   5.50186e-09   -6.47203e+02
   5.51186e-09   -6.65759e+02
   5.52186e-09   -6.78493e+02
   5.53186e-09   -6.88175e+02
   5.54186e-09   -6.95979e+02
   5.55187e-09   -7.02531e+02
   5.56187e-09   -7.08191e+02
   5.57188e-09   -7.13185e+02
   5.58188e-09   -7.17664e+02
   5.59189e-09   -7.21733e+02
   5.60189e-09   -7.25467e+02
   5.61189e-09   -7.28921e+02
   5.62189e-09   -7.32139e+02
   5.63190e-09   -7.35154e+02
   5.64190e-09   -4.92683e+02
   5.65190e-09   -6.01340e+02
   5.66190e-09   -6.35226e+02
   5.67191e-09   -6.54102e+02
   5.68191e-09   -6.66955e+02
   5.69192e-09   -6.76622e+02
   5.70192e-09   -6.84382e+02
   5.71192e-09   -6.90887e+02
   5.72192e-09   -6.96483e+02
   5.73193e-09   -7.01412e+02
   5.74193e-09   -7.05836e+02
   5.75193e-09   -7.09841e+02
   5.76193e-09   -7.13520e+02
   5.77194e-09   -7.16915e+02
   5.78194e-09   -7.20082e+02
   5.79195e-09   -7.23048e+02
   5.80195e-09   -3.06040e+02
   5.81196e-09   -5.73608e+02
   5.82196e-09   -6.17216e+02
   5.83196e-09   -6.38908e+02
   5.84196e-09   -6.52976e+02
   5.85196e-09   -6.63286e+02
   5.86196e-09   -6.71399e+02
   5.87197e-09   -6.78119e+02
   5.88197e-09   -6.83859e+02
   5.89198e-09   -6.88881e+02
   5.90198e-09   -6.93355e+02
   5.91199e-09   -6.97398e+02
   5.92199e-09   -7.01092e+02
   5.93199e-09   -7.04499e+02
   5.94200e-09   -7.07663e+02
   5.95200e-09   -7.10621e+02
   5.96200e-09   -7.13400e+02
   5.97200e-09   -5.03135e+02
   5.98200e-09   -5.88522e+02
   5.99201e-09   -6.18569e+02
   6.00201e-09   -6.35840e+02
   6.01202e-09   -6.47767e+02
   6.02202e-09   -6.56807e+02
   6.03203e-09   -6.64097e+02
   6.04203e-09   -6.70227e+02
   6.05203e-09   -6.75511e+02
   6.06203e-09   -6.80173e+02
   6.07203e-09   -6.84360e+02
   6.08203e-09   -6.88156e+02
   6.09204e-09   -6.91645e+02
   6.10204e-09   -6.94867e+02
   6.11205e-09   -6.97873e+02
   6.12205e-09   -7.00690e+02
   6.13206e-09   -7.03337e+02
   6.14206e-09   -5.24378e+02
   6.15206e-09   -5.87360e+02
   6.16207e-09   -6.13254e+02
   6.17207e-09   -6.28880e+02
   6.18207e-09   -6.39898e+02
   6.19207e-09   -6.48363e+02
   6.20208e-09   -6.55260e+02
   6.21208e-09   -6.61083e+02
   6.22209e-09   -6.66133e+02
   6.23209e-09   -6.70602e+02
   6.24210e-09   -6.74619e+02
   6.25210e-09   -6.78274e+02
   6.26210e-09   -6.81633e+02
   6.27211e-09   -6.84744e+02
   6.28211e-09   -6.87645e+02
   6.29211e-09   -6.90366e+02
   6.30211e-09   -6.92930e+02
   6.31211e-09   -5.11145e+02
   6.32212e-09   -5.77089e+02
   6.33212e-09   -6.03329e+02
   6.34213e-09   -6.18962e+02
   6.35213e-09   -6.29943e+02
   6.36214e-09   -6.38345e+02
   6.37214e-09   -6.45161e+02
   6.38214e-09   -6.50916e+02
   6.39215e-09   -6.55890e+02
   6.40215e-09   -6.60288e+02
   6.41215e-09   -6.64245e+02
   6.42215e-09   -6.67836e+02
   6.43215e-09   -6.71134e+02
   6.44216e-09   -6.74193e+02
   6.45216e-09   -6.77045e+02
   6.46217e-09   -6.79713e+02
   6.47217e-09   -6.82232e+02
   6.48218e-09   -4.53641e+02
   6.49218e-09   -5.57019e+02
   6.50218e-09   -5.88651e+02
   6.51218e-09   -6.06114e+02
   6.52219e-09   -6.17895e+02
   6.53219e-09   -6.26751e+02
   6.54219e-09   -6.33831e+02
   6.55219e-09   -6.39726e+02
   6.56220e-09   -6.44804e+02
   6.57220e-09   -6.49267e+02
   6.58221e-09   -6.53257e+02
   6.59221e-09   -6.56873e+02
   6.60221e-09   -6.60183e+02
   6.61222e-09   -6.63242e+02
   6.62222e-09   -6.66087e+02
   6.63222e-09   -6.68750e+02
   6.64223e-09   -6.71255e+02
   6.65223e-09   -6.73622e+02
   6.66223e-09   -5.15695e+02
   6.67223e-09   -5.66522e+02
   6.68223e-09   -5.89219e+02
   6.69224e-09   -6.03282e+02
   6.70224e-09   -6.13307e+02
   6.71225e-09   -6.21079e+02
   6.72225e-09   -6.27440e+02
   6.73225e-09   -6.32814e+02
   6.74226e-09   -6.37486e+02
   6.75226e-09   -6.41633e+02
   6.76226e-09   -6.45358e+02
   6.77227e-09   -6.48750e+02
   6.78227e-09   -6.51875e+02
   6.79227e-09   -6.54766e+02
   6.80227e-09   -6.57464e+02
   6.81227e-09   -6.59999e+02
   6.82228e-09   -6.62389e+02
   6.83229e-09   -2.85198e+02
   6.84229e-09   -5.25332e+02
   6.85230e-09   -5.64893e+02
   6.86230e-09   -5.84511e+02
   6.87230e-09   -5.97184e+02
   6.88231e-09   -6.06435e+02
   6.89231e-09   -6.13690e+02
   6.90231e-09   -6.19680e+02
   6.91231e-09   -6.24783e+02
   6.92231e-09   -6.29231e+02
   6.93231e-09   -6.33193e+02
   6.94232e-09   -6.36769e+02
   6.95232e-09   -6.40031e+02
   6.96233e-09   -6.43037e+02
   6.97233e-09   -6.45826e+02
   6.98234e-09   -6.48432e+02
   6.99234e-09   -6.50880e+02
   7.00235e-09   -6.53190e+02
   7.01235e-09   -2.66315e+02
   7.02235e-09   -5.17135e+02
   7.03235e-09   -5.56604e+02
   7.04235e-09   -5.76088e+02
   7.05236e-09   -5.88610e+02
   7.06236e-09   -5.97735e+02
   7.07236e-09   -6.04894e+02
   7.08236e-09   -6.10788e+02
   7.09237e-09   -6.15814e+02
   7.10237e-09   -6.20190e+02
   7.11238e-09   -6.24080e+02
   7.12238e-09   -6.27594e+02
   7.13239e-09   -6.30795e+02
   7.14239e-09   -6.33741e+02
   7.15239e-09   -6.36481e+02
   7.16239e-09   -6.39036e+02
   7.17239e-09   -6.41434e+02
   7.18240e-09   -6.43702e+02
   7.19240e-09   -6.45845e+02
   7.20240e-09   -4.90670e+02
   7.21240e-09   -5.41820e+02
   7.22241e-09   -5.64064e+02
   7.23241e-09   -5.77651e+02
   7.24242e-09   -5.87316e+02
   7.25242e-09   -5.94772e+02
   7.26243e-09   -6.00830e+02
   7.27243e-09   -6.05956e+02
   7.28243e-09   -6.10401e+02
   7.29244e-09   -6.14325e+02
   7.30244e-09   -6.17859e+02
   7.31244e-09   -6.21073e+02
   7.32244e-09   -6.24020e+02
   7.33244e-09   -6.26754e+02
   7.34244e-09   -6.29304e+02
   7.35245e-09   -6.31695e+02
   7.36245e-09   -6.33948e+02
   7.37246e-09   -6.36080e+02
   7.38246e-09   -4.03719e+02
   7.39247e-09   -5.16020e+02
   7.40247e-09   -5.47018e+02
   7.41248e-09   -5.63707e+02
   7.42248e-09   -5.74834e+02
   7.43248e-09   -5.83107e+02
   7.44248e-09   -5.89678e+02
   7.45249e-09   -5.95132e+02
   7.46249e-09   -5.99803e+02
   7.47249e-09   -6.03895e+02
   7.48249e-09   -6.07544e+02
   7.49249e-09   -6.10844e+02
   7.50250e-09   -6.13860e+02
   7.51251e-09   -6.16647e+02
   7.52251e-09   -6.19232e+02
   7.53251e-09   -6.21649e+02
   7.54252e-09   -6.23926e+02
   7.55252e-09   -6.26072e+02
   7.56253e-09   -6.28106e+02
   7.57253e-09   -4.50806e+02
   7.58253e-09   -5.19409e+02
   7.59253e-09   -5.44640e+02
   7.60253e-09   -5.59261e+02
   7.61253e-09   -5.69321e+02
   7.62254e-09   -5.76948e+02
   7.63254e-09   -5.83093e+02
   7.64254e-09   -5.88227e+02
   7.65255e-09   -5.92658e+02
   7.66255e-09   -5.96558e+02
   7.67256e-09   -6.00042e+02
   7.68256e-09   -6.03206e+02
   7.69256e-09   -6.06105e+02
   7.70257e-09   -6.08779e+02
   7.71257e-09   -6.11273e+02
   7.72257e-09   -6.13608e+02
   7.73258e-09   -6.15801e+02
   7.74258e-09   -6.17878e+02
   7.75258e-09   -6.19848e+02
   7.76258e-09   -4.46431e+02
   7.77258e-09   -5.12951e+02
   7.78258e-09   -5.37625e+02
   7.79259e-09   -5.51932e+02
   7.80259e-09   -5.61805e+02
   7.81260e-09   -5.69290e+02
   7.82260e-09   -5.75310e+02
   7.83261e-09   -5.80350e+02
   7.84261e-09   -5.84691e+02
   7.85261e-09   -5.88512e+02
   7.86262e-09   -5.91931e+02
   7.87262e-09   -5.95031e+02
   7.88262e-09   -5.97870e+02
   7.89262e-09   -6.00495e+02
   7.90262e-09   -6.02937e+02
   7.91263e-09   -6.05223e+02
   7.92263e-09   -6.07375e+02
   7.93263e-09   -6.09409e+02
   7.94263e-09   -6.11339e+02
   7.95264e-09   -3.98593e+02
   7.96264e-09   -4.97497e+02
   7.97265e-09   -5.26250e+02
   7.98265e-09   -5.41900e+02
   7.99266e-09   -5.52391e+02
   8.00266e-09   -5.60187e+02
   8.01266e-09   -5.66384e+02
   8.02267e-09   -5.71537e+02
   8.03267e-09   -5.75939e+02
   8.04267e-09   -5.79796e+02
   8.05267e-09   -1.31412e+02
