 0.10000097765825D-08    104.78  104.61  104.19  103.60  102.89  102.12  101.29  100.44   99.57   98.70   97.82   96.95   96.08   95.21   94.36   93.51   92.67   91.84   91.01   90.20   89.40   88.60   87.82   87.04   86.27   85.51   84.76   84.02   83.28   82.56   81.84   81.13   80.42   79.73   79.04   78.36   77.69   77.02   76.36   75.71   75.07   74.43   73.80   73.18   72.56   71.95   71.34   70.75   70.15   69.57   68.99   68.41   67.85   67.28   66.73   66.18   65.63   65.09   64.56   64.03   63.51   62.99   62.48   61.97   61.47   60.97   60.47   59.99   59.50   59.02   58.55   58.08   57.61   57.15   56.70   56.25   55.80   55.35   54.92   54.48   54.05   53.62   53.20   52.78   52.36   51.95   51.54   51.14   50.74   50.34   49.95   49.56   49.17   48.79   48.41   48.03   47.66   47.29   46.92   46.56   46.20   45.84   45.49   45.13   44.78   44.44   44.10   43.76   43.42   43.08   42.75   42.42   42.09   41.77   41.45   41.13   40.81   40.50   40.18   39.88   39.57   39.26   38.96   38.66   38.36   38.06   37.77   37.48   37.19   36.90   36.61   36.33   36.04   35.76   35.49   35.21   34.93   34.66   34.39   34.12   33.85   33.58   33.32   33.05   32.79   32.53   32.27   32.01   31.76   31.50   31.25   31.00   30.75   30.50   30.25   30.00   29.76   29.51   29.27   29.03   28.78   28.54   28.31   28.07   27.83   27.59   27.36   27.12   26.89   26.66   26.43   26.20   25.97   25.74   25.51   25.28   25.05   24.83   24.60   24.37   24.15   23.93   23.70   23.48   23.26   23.04   22.81   22.59   22.37   22.15   21.93   21.71   21.49   21.27   21.06   20.84   20.62   20.40   20.18   19.97
 0.20000246207881D-08    300.97  300.37  298.87  296.78  294.30  291.58  288.71  285.75  282.75  279.75  276.75  273.78  270.84  267.93  265.06  262.24  259.46  256.72  254.02  251.37  248.76  246.18  243.65  241.16  238.70  236.29  233.91  231.56  229.25  226.98  224.73  222.52  220.35  218.20  216.09  214.00  211.94  209.92  207.92  205.95  204.00  202.08  200.19  198.32  196.48  194.66  192.87  191.10  189.35  187.63  185.93  184.25  182.59  180.95  179.33  177.73  176.15  174.60  173.06  171.54  170.03  168.55  167.08  165.64  164.20  162.79  161.39  160.01  158.65  157.30  155.96  154.64  153.34  152.05  150.78  149.52  148.27  147.04  145.82  144.61  143.42  142.24  141.08  139.93  138.79  137.66  136.54  135.44  134.34  133.26  132.19  131.14  130.09  129.05  128.03  127.01  126.01  125.01  124.03  123.06  122.09  121.14  120.19  119.26  118.33  117.42  116.51  115.61  114.72  113.84  112.97  112.11  111.26  110.41  109.57  108.74  107.92  107.11  106.30  105.50  104.71  103.93  103.15  102.38  101.62  100.87  100.12   99.38   98.65   97.93   97.21   96.49   95.79   95.09   94.40   93.71   93.03   92.36   91.69   91.03   90.37   89.72   89.08   88.44   87.81   87.19   86.57   85.95   85.34   84.74   84.14   83.55   82.96   82.38   81.80   81.23   80.66   80.10   79.54   78.99   78.44   77.90   77.36   76.83   76.30   75.78   75.26   74.74   74.23   73.73   73.23   72.73   72.24   71.75   71.26   70.78   70.31   69.84   69.37   68.91   68.45   67.99   67.54   67.09   66.65   66.21   65.77   65.34   64.91   64.48   64.06   63.64   63.23   62.82   62.41   62.01   61.61   61.21   60.81   60.42   59.65   58.15   55.29   50.12   41.70   30.64   22.03   20.06   19.97   19.97   19.97   19.97   19.97
 0.30000328763091D-08    678.49  676.66  672.11  665.77  658.28  650.10  641.51  632.72  623.87  615.04  606.30  597.68  589.20  580.89  572.74  564.77  556.97  549.33  541.87  534.57  527.44  520.46  513.63  506.96  500.42  494.03  487.78  481.66  475.67  469.80  464.05  458.42  452.91  447.51  442.21  437.02  431.94  426.95  422.05  417.25  412.55  407.93  403.39  398.94  394.57  390.28  386.07  381.93  377.86  373.87  369.95  366.09  362.30  358.57  354.90  351.30  347.75  344.27  340.83  337.46  334.14  330.87  327.65  324.48  321.36  318.29  315.26  312.28  309.34  306.45  303.60  300.79  298.03  295.30  292.61  289.96  287.34  284.77  282.22  279.72  277.25  274.81  272.40  270.03  267.68  265.37  263.09  260.84  258.61  256.42  254.25  252.11  250.00  247.91  245.85  243.82  241.81  239.83  237.86  235.93  234.01  232.12  230.25  228.40  226.58  224.77  222.99  221.23  219.48  217.76  216.05  214.37  212.70  211.06  209.43  207.81  206.22  204.64  203.08  201.54  200.01  198.50  197.01  195.53  194.07  192.62  191.19  189.77  188.37  186.98  185.60  184.24  182.90  181.56  180.24  178.94  177.64  176.36  175.09  173.84  172.59  171.36  170.14  168.93  167.73  166.55  165.38  164.21  163.06  161.92  160.79  159.67  158.56  157.46  156.37  155.29  154.22  153.16  152.11  151.07  150.04  149.02  148.01  147.00  146.01  145.02  144.04  143.07  142.11  141.16  140.22  139.28  138.36  137.44  136.52  135.62  134.72  133.84  132.96  132.08  131.22  130.36  129.51  128.66  127.82  126.99  126.17  125.35  124.54  123.74  122.94  122.15  121.37  120.59  119.82  119.05  118.29  117.54  116.79  116.05  114.59  111.73  106.28   96.34   79.73   56.22   32.27   21.23   19.99   19.97   19.97   19.97   19.97
 0.40000376790693D-08   1190.30 1187.34 1179.93 1169.56 1157.23 1143.62 1129.23 1114.36 1099.24 1084.02 1068.82 1053.69 1038.69 1023.85 1009.20  994.74  980.49  966.45  952.64  939.04  925.67  912.52  899.59  886.88  874.40  862.13  850.08  838.25  826.62  815.22  804.01  793.02  782.23  771.64  761.25  751.05  741.05  731.23  721.61  712.16  702.90  693.81  684.90  676.16  667.58  659.17  650.92  642.83  634.89  627.10  619.47  611.97  604.62  597.41  590.33  583.39  576.57  569.89  563.32  556.88  550.56  544.35  538.25  532.27  526.39  520.62  514.95  509.38  503.91  498.54  493.26  488.07  482.96  477.95  473.02  468.18  463.41  458.73  454.12  449.59  445.13  440.75  436.43  432.19  428.01  423.90  419.85  415.87  411.94  408.08  404.28  400.53  396.84  393.20  389.62  386.09  382.61  379.19  375.81  372.48  369.20  365.96  362.77  359.63  356.52  353.47  350.45  347.47  344.53  341.63  338.78  335.95  333.17  330.42  327.71  325.03  322.39  319.77  317.20  314.65  312.14  309.66  307.20  304.78  302.39  300.02  297.69  295.38  293.10  290.85  288.62  286.42  284.24  282.09  279.96  277.86  275.78  273.73  271.69  269.68  267.69  265.73  263.78  261.86  259.96  258.07  256.21  254.37  252.54  250.74  248.96  247.19  245.44  243.71  242.00  240.30  238.62  236.96  235.31  233.69  232.07  230.48  228.90  227.33  225.78  224.24  222.72  221.22  219.73  218.25  216.78  215.34  213.90  212.48  211.07  209.67  208.29  206.91  205.56  204.21  202.87  201.55  200.24  198.94  197.66  196.38  195.12  193.86  192.62  191.39  190.17  188.96  187.75  186.56  185.38  184.22  183.06  181.90  180.76  179.63  177.40  173.04  164.74  149.64  124.44   88.25   48.61   24.43   20.13   19.97   19.97   19.97   19.97
 0.50000460189799D-08   1411.44 1410.00 1406.50 1399.29 1390.20 1379.82 1368.58 1356.76 1344.56 1332.10 1319.48 1306.76 1294.00 1281.22 1268.45 1255.70 1242.98 1230.31 1217.68 1205.11 1192.61 1180.16 1167.79 1155.49 1143.26 1131.11 1119.04 1107.05 1095.14 1083.33 1071.60 1059.96 1048.42 1036.97 1025.62 1014.37 1003.22  992.17  981.22  970.39  959.65  949.03  938.51  928.11  917.82  907.63  897.57  887.61  877.77  868.05  858.43  848.94  839.56  830.30  821.15  812.12  803.20  794.40  785.72  777.15  768.70  760.36  752.13  744.01  736.01  728.12  720.34  712.67  705.10  697.65  690.30  683.06  675.92  668.88  661.95  655.12  648.39  641.75  635.21  628.77  622.43  616.17  610.01  603.94  597.96  592.06  586.25  580.53  574.89  569.34  563.86  558.47  553.15  547.91  542.74  537.66  532.64  527.70  522.82  518.02  513.28  508.62  504.01  499.48  495.00  490.59  486.24  481.95  477.72  473.55  469.44  465.38  461.37  457.43  453.53  449.68  445.89  442.15  438.45  434.81  431.21  427.66  424.16  420.70  417.28  413.91  410.58  407.29  404.05  400.84  397.67  394.55  391.46  388.41  385.39  382.42  379.47  376.57  373.69  370.86  368.05  365.28  362.54  359.83  357.15  354.51  351.89  349.31  346.75  344.22  341.72  339.25  336.80  334.38  331.99  329.62  327.28  324.97  322.68  320.41  318.17  315.95  313.75  311.58  309.43  307.30  305.19  303.11  301.05  299.00  296.98  294.98  293.00  291.03  289.09  287.17  285.26  283.37  281.50  279.65  277.82  276.01  274.21  272.43  270.66  268.91  267.18  265.47  263.77  262.08  260.41  258.76  257.12  255.50  253.89  252.29  250.71  249.14  247.59  246.05  243.01  237.09  225.84  205.45  171.58  123.00   68.32   29.76   20.46   19.97   19.97   19.97   19.97
 0.60000557582461D-08   1429.86 1428.69 1425.74 1421.56 1416.53 1410.00 1403.12 1393.77 1384.04 1374.04 1363.88 1353.60 1343.25 1332.87 1322.47 1312.06 1301.66 1291.27 1280.91 1270.56 1260.25 1249.97 1239.72 1229.51 1219.33 1209.19 1199.10 1189.04 1179.03 1169.07 1159.15 1149.28 1139.46 1129.69 1119.97 1110.30 1100.69 1091.13 1081.63 1072.18 1062.79 1053.46 1044.20 1034.99 1025.84 1016.76 1007.74  998.78  989.89  981.06  972.31  963.61  954.99  946.43  937.94  929.52  921.17  912.89  904.69  896.55  888.48  880.49  872.56  864.71  856.93  849.22  841.59  834.03  826.54  819.12  811.78  804.51  797.31  790.19  783.13  776.15  769.24  762.41  755.64  748.95  742.33  735.78  729.30  722.89  716.55  710.28  704.08  697.94  691.88  685.88  679.95  674.09  668.29  662.56  656.89  651.29  645.75  640.28  634.86  629.51  624.23  619.00  613.83  608.72  603.68  598.69  593.75  588.88  584.06  579.30  574.59  569.94  565.34  560.79  556.30  551.86  547.46  543.12  538.83  534.59  530.40  526.26  522.16  518.11  514.10  510.15  506.23  502.36  498.54  494.75  491.01  487.31  483.66  480.04  476.46  472.93  469.43  465.97  462.55  459.17  455.82  452.51  449.23  446.00  442.79  439.62  436.48  433.38  430.31  427.27  424.27  421.30  418.35  415.44  412.56  409.71  406.88  404.09  401.33  398.59  395.88  393.20  390.54  387.91  385.31  382.74  380.19  377.66  375.16  372.68  370.23  367.81  365.40  363.02  360.66  358.32  356.01  353.72  351.45  349.20  346.97  344.77  342.58  340.41  338.27  336.14  334.03  331.95  329.88  327.83  325.79  323.78  321.79  319.81  317.85  315.90  313.98  312.07  310.18  308.30  304.60  297.38  283.65  258.78  217.38  157.79   89.46   36.87   21.07   19.98   19.97   19.97   19.97
 0.70000777645683D-08   1465.52 1464.42 1461.66 1457.76 1453.06 1447.81 1442.17 1436.25 1430.13 1423.87 1417.50 1410.00 1402.40 1392.67 1382.90 1373.13 1363.36 1353.60 1343.85 1334.12 1324.41 1314.74 1305.09 1295.48 1285.90 1276.36 1266.85 1257.39 1247.97 1238.59 1229.26 1219.97 1210.73 1201.53 1192.38 1183.28 1174.23 1165.23 1156.28 1147.37 1138.52 1129.72 1120.97 1112.27 1103.62 1095.02 1086.48 1077.99 1069.55 1061.16 1052.82 1044.54 1036.31 1028.14 1020.02 1011.95 1003.93  995.98  988.07  980.22  972.43  964.69  957.00  949.37  941.80  934.29  926.83  919.42  912.08  904.79  897.55  890.38  883.26  876.20  869.20  862.25  855.37  848.54  841.77  835.05  828.40  821.80  815.26  808.78  802.35  795.99  789.68  783.43  777.23  771.10  765.02  758.99  753.03  747.11  741.26  735.46  729.72  724.03  718.40  712.82  707.30  701.83  696.41  691.05  685.74  680.49  675.28  670.13  665.03  659.98  654.98  650.04  645.14  640.29  635.49  630.74  626.04  621.39  616.78  612.22  607.71  603.24  598.82  594.44  590.11  585.82  581.58  577.38  573.22  569.10  565.03  561.00  557.01  553.06  549.15  545.28  541.45  537.65  533.90  530.18  526.50  522.86  519.26  515.69  512.15  508.66  505.19  501.76  498.37  495.01  491.68  488.38  485.12  481.89  478.69  475.52  472.38  469.28  466.20  463.15  460.14  457.15  454.19  451.25  448.35  445.47  442.62  439.80  437.00  434.23  431.49  428.77  426.08  423.41  420.77  418.15  415.55  412.98  410.43  407.91  405.40  402.92  400.46  398.03  395.61  393.22  390.85  388.50  386.17  383.86  381.57  379.30  377.05  374.82  372.61  370.42  368.24  366.09  363.95  361.83  357.65  349.49  333.96  305.74  258.63  190.34  110.60   45.28   22.00   20.00   19.97   19.97   19.97
 0.80000899996851D-08   1493.12 1492.10 1489.54 1485.91 1481.57 1476.74 1471.58 1466.20 1460.69 1455.11 1449.50 1443.91 1438.36 1432.87 1427.46 1422.14 1416.87 1409.99 1399.59 1389.19 1379.23 1369.55 1360.12 1350.88 1341.80 1332.83 1323.95 1315.14 1306.38 1297.66 1288.97 1280.32 1271.69 1263.09 1254.51 1245.96 1237.44 1228.96 1220.50 1212.07 1203.67 1195.31 1186.98 1178.68 1170.42 1162.20 1154.01 1145.86 1137.75 1129.68 1121.64 1113.65 1105.69 1097.78 1089.91 1082.08 1074.29 1066.55 1058.85 1051.19 1043.58 1036.01 1028.49 1021.01 1013.58 1006.19  998.86  991.56  984.32  977.12  969.97  962.87  955.81  948.80  941.85  934.94  928.07  921.26  914.50  907.78  901.12  894.50  887.93  881.42  874.95  868.53  862.16  855.84  849.57  843.35  837.18  831.06  824.98  818.96  812.99  807.06  801.19  795.36  789.58  783.85  778.17  772.54  766.96  761.42  755.93  750.49  745.10  739.75  734.46  729.21  724.00  718.84  713.73  708.67  703.65  698.67  693.74  688.86  684.02  679.22  674.47  669.76  665.10  660.47  655.89  651.36  646.86  642.41  638.00  633.63  629.30  625.01  620.76  616.55  612.38  608.25  604.16  600.10  596.09  592.11  588.16  584.26  580.39  576.56  572.76  569.00  565.28  561.58  557.93  554.30  550.72  547.16  543.64  540.15  536.69  533.26  529.87  526.50  523.17  519.87  516.60  513.36  510.15  506.96  503.81  500.68  497.59  494.52  491.48  488.46  485.47  482.51  479.58  476.67  473.79  470.93  468.10  465.30  462.52  459.76  457.03  454.32  451.63  448.97  446.33  443.71  441.12  438.55  436.00  433.47  430.96  428.48  426.01  423.57  421.15  418.75  416.36  414.00  411.66  409.33  404.74  395.79  378.72  347.68  295.74  220.17  130.91   54.48   23.27   20.03   19.97   19.97   19.97
 0.90000914284117D-08   1522.72 1521.76 1519.34 1515.92 1511.80 1507.21 1502.27 1497.10 1491.76 1486.30 1480.75 1475.12 1469.45 1463.73 1457.98 1452.19 1446.38 1440.54 1434.67 1428.78 1422.87 1416.93 1410.00 1403.35 1394.88 1386.42 1377.97 1369.53 1361.11 1352.70 1344.30 1335.93 1327.57 1319.23 1310.92 1302.63 1294.36 1286.12 1277.91 1269.72 1261.57 1253.44 1245.34 1237.27 1229.24 1221.24 1213.27 1205.33 1197.43 1189.56 1181.73 1173.94 1166.18 1158.46 1150.78 1143.13 1135.53 1127.96 1120.42 1112.93 1105.48 1098.06 1090.69 1083.35 1076.06 1068.80 1061.59 1054.41 1047.28 1040.19 1033.13 1026.12 1019.15 1012.22 1005.33  998.49  991.68  984.92  978.20  971.52  964.88  958.29  951.74  945.23  938.76  932.34  925.95  919.61  913.32  907.07  900.86  894.69  888.56  882.48  876.45  870.45  864.50  858.59  852.73  846.91  841.13  835.39  829.70  824.05  818.45  812.88  807.36  801.89  796.45  791.06  785.71  780.40  775.14  769.91  764.73  759.59  754.50  749.44  744.43  739.45  734.52  729.63  724.78  719.97  715.20  710.47  705.78  701.13  696.52  691.94  687.41  682.92  678.46  674.04  669.66  665.32  661.02  656.75  652.52  648.32  644.16  640.04  635.96  631.90  627.89  623.91  619.96  616.05  612.17  608.33  604.52  600.74  597.00  593.29  589.61  585.96  582.34  578.76  575.21  571.69  568.20  564.73  561.30  557.90  554.53  551.19  547.87  544.59  541.33  538.10  534.90  531.73  528.58  525.46  522.37  519.31  516.27  513.25  510.26  507.30  504.36  501.45  498.56  495.69  492.85  490.04  487.24  484.47  481.72  479.00  476.30  473.62  470.96  468.33  465.71  463.12  460.55  458.00  455.47  452.96  448.00  438.32  419.87  386.24  329.90  247.76  150.18   64.07   24.86   20.09   19.97   19.97   19.97
 0.10000092493200D-07   1543.92 1543.02 1540.75 1537.54 1533.67 1529.36 1524.73 1519.88 1514.87 1509.74 1504.53 1499.26 1493.94 1488.57 1483.18 1477.75 1472.30 1466.83 1461.33 1455.81 1450.28 1444.72 1439.14 1433.53 1427.91 1422.27 1416.61 1410.00 1403.82 1395.94 1388.07 1380.20 1372.35 1364.51 1356.67 1348.85 1341.05 1333.26 1325.48 1317.72 1309.97 1302.24 1294.53 1286.84 1279.17 1271.52 1263.90 1256.29 1248.71 1241.15 1233.62 1226.11 1218.62 1211.17 1203.74 1196.34 1188.96 1181.62 1174.30 1167.01 1159.76 1152.53 1145.33 1138.17 1131.04 1123.94 1116.87 1109.84 1102.84 1095.87 1088.93 1082.04 1075.17 1068.34 1061.54 1054.78 1048.06 1041.37 1034.72 1028.10 1021.52 1014.97 1008.47 1002.00  995.56  989.16  982.80  976.48  970.20  963.95  957.74  951.57  945.44  939.34  933.28  927.26  921.28  915.34  909.43  903.57  897.74  891.95  886.20  880.49  874.81  869.18  863.58  858.02  852.50  847.02  841.58  836.18  830.81  825.48  820.19  814.94  809.73  804.55  799.42  794.32  789.26  784.24  779.25  774.30  769.39  764.52  759.68  754.88  750.12  745.39  740.71  736.05  731.44  726.86  722.31  717.80  713.33  708.89  704.49  700.13  695.79  691.50  687.23  683.00  678.81  674.65  670.52  666.43  662.37  658.34  654.35  650.38  646.45  642.56  638.69  634.85  631.05  627.28  623.54  619.83  616.15  612.50  608.88  605.29  601.73  598.20  594.69  591.22  587.77  584.36  580.97  577.61  574.27  570.97  567.69  564.43  561.21  558.01  554.83  551.69  548.56  545.47  542.40  539.35  536.33  533.33  530.35  527.40  524.48  521.58  518.70  515.84  513.01  510.20  507.41  504.64  501.90  499.17  496.47  493.79  488.50  478.15  458.41  422.38  361.91  273.64  168.47   73.80   26.76   20.16   19.97   19.97   19.97
 0.11000102548676D-07   1561.89 1561.04 1558.92 1555.91 1552.29 1548.25 1543.91 1539.37 1534.67 1529.88 1525.00 1520.07 1515.09 1510.08 1505.04 1499.97 1494.88 1489.77 1484.65 1479.52 1474.38 1469.23 1464.09 1458.95 1453.84 1448.75 1443.71 1438.73 1433.82 1429.00 1424.29 1419.69 1415.22 1409.31 1400.33 1391.71 1383.40 1375.36 1367.52 1359.84 1352.28 1344.79 1337.36 1329.96 1322.59 1315.24 1307.91 1300.59 1293.29 1286.01 1278.75 1271.51 1264.28 1257.08 1249.89 1242.73 1235.59 1228.47 1221.37 1214.29 1207.24 1200.22 1193.21 1186.24 1179.29 1172.36 1165.46 1158.59 1151.75 1144.93 1138.14 1131.38 1124.65 1117.95 1111.27 1104.63 1098.01 1091.43 1084.88 1078.35 1071.86 1065.40 1058.97 1052.58 1046.21 1039.88 1033.57 1027.31 1021.07 1014.87 1008.69 1002.56  996.45  990.38  984.34  978.34  972.37  966.43  960.53  954.66  948.82  943.02  937.25  931.52  925.82  920.16  914.53  908.94  903.38  897.85  892.36  886.90  881.48  876.09  870.74  865.42  860.14  854.89  849.68  844.50  839.35  834.24  829.17  824.13  819.12  814.15  809.21  804.31  799.44  794.60  789.80  785.03  780.30  775.60  770.93  766.30  761.70  757.14  752.60  748.10  743.64  739.21  734.80  730.44  726.10  721.80  717.53  713.29  709.08  704.90  700.76  696.65  692.57  688.51  684.49  680.51  676.55  672.62  668.72  664.85  661.01  657.21  653.43  649.68  645.95  642.26  638.60  634.96  631.36  627.78  624.22  620.70  617.20  613.73  610.29  606.88  603.49  600.12  596.79  593.48  590.19  586.93  583.70  580.49  577.31  574.15  571.01  567.90  564.82  561.75  558.71  555.70  552.71  549.74  546.79  543.87  540.97  538.09  535.23  532.40  526.79  515.83  494.90  456.64  392.26  298.17  185.90   83.51   28.92   20.25   19.97   19.97   19.97
 0.12000128333831D-07   1576.43 1575.64 1573.65 1570.83 1567.45 1563.67 1559.62 1555.37 1550.99 1546.51 1541.96 1537.36 1532.72 1528.05 1523.35 1518.63 1513.89 1509.13 1504.36 1499.57 1494.76 1489.94 1485.11 1480.26 1475.40 1470.52 1465.63 1460.73 1455.81 1450.87 1445.92 1440.95 1435.97 1430.97 1425.96 1420.93 1415.88 1410.00 1404.37 1397.21 1390.05 1382.89 1375.74 1368.61 1361.48 1354.36 1347.25 1340.16 1333.07 1326.00 1318.95 1311.91 1304.88 1297.87 1290.88 1283.90 1276.94 1270.01 1263.09 1256.19 1249.31 1242.45 1235.61 1228.79 1222.00 1215.23 1208.48 1201.75 1195.05 1188.38 1181.72 1175.10 1168.50 1161.92 1155.37 1148.85 1142.35 1135.88 1129.43 1123.02 1116.63 1110.26 1103.93 1097.62 1091.35 1085.10 1078.88 1072.68 1066.52 1060.39 1054.28 1048.20 1042.16 1036.14 1030.15 1024.19 1018.27 1012.37 1006.50 1000.66  994.85  989.08  983.33  977.61  971.93  966.27  960.65  955.05  949.49  943.96  938.46  932.99  927.55  922.14  916.77  911.42  906.11  900.83  895.58  890.36  885.17  880.01  874.89  869.79  864.73  859.70  854.70  849.73  844.79  839.89  835.01  830.17  825.36  820.58  815.83  811.11  806.42  801.77  797.14  792.55  787.99  783.45  778.95  774.48  770.04  765.63  761.25  756.90  752.58  748.29  744.03  739.80  735.60  731.43  727.29  723.18  719.10  715.04  711.02  707.02  703.06  699.12  695.21  691.33  687.47  683.65  679.85  676.08  672.34  668.62  664.94  661.27  657.64  654.03  650.45  646.90  643.37  639.87  636.39  632.94  629.52  626.12  622.74  619.39  616.07  612.77  609.49  606.24  603.01  599.81  596.63  593.47  590.34  587.23  584.14  581.08  578.04  575.02  572.02  569.05  563.16  551.66  529.64  489.30  421.25  321.60  202.59   93.09   31.32   20.37   19.97   19.97   19.97
 0.13000142070514D-07   1585.56 1584.82 1582.96 1580.33 1577.17 1573.65 1569.87 1565.92 1561.85 1557.68 1553.46 1549.19 1544.89 1540.56 1536.21 1531.85 1527.48 1523.09 1518.70 1514.29 1509.88 1505.46 1501.04 1496.60 1492.16 1487.71 1483.26 1478.79 1474.32 1469.84 1465.35 1460.86 1456.35 1451.84 1447.32 1442.79 1438.24 1433.69 1429.13 1424.55 1419.96 1415.36 1410.00 1404.37 1397.20 1390.04 1382.90 1375.77 1368.66 1361.57 1354.50 1347.46 1340.45 1333.47 1326.51 1319.59 1312.70 1305.84 1299.01 1292.21 1285.45 1278.71 1272.01 1265.34 1258.69 1252.08 1245.49 1238.93 1232.40 1225.89 1219.41 1212.96 1206.53 1200.12 1193.74 1187.38 1181.05 1174.74 1168.45 1162.19 1155.95 1149.73 1143.54 1137.37 1131.22 1125.10 1119.00 1112.92 1106.87 1100.85 1094.84 1088.87 1082.91 1076.99 1071.08 1065.21 1059.36 1053.53 1047.73 1041.96 1036.21 1030.49 1024.79 1019.12 1013.48 1007.87 1002.28  996.72  991.19  985.68  980.20  974.75  969.33  963.94  958.57  953.23  947.92  942.63  937.38  932.15  926.95  921.78  916.64  911.53  906.45  901.39  896.36  891.36  886.39  881.45  876.54  871.65  866.80  861.97  857.17  852.40  847.66  842.95  838.27  833.61  828.99  824.39  819.82  815.28  810.76  806.28  801.82  797.40  793.00  788.63  784.28  779.97  775.68  771.42  767.19  762.99  758.82  754.67  750.55  746.45  742.39  738.35  734.34  730.35  726.40  722.47  718.56  714.69  710.84  707.01  703.21  699.44  695.70  691.98  688.28  684.61  680.97  677.35  673.76  670.19  666.65  663.13  659.64  656.17  652.72  649.30  645.91  642.54  639.19  635.86  632.56  629.28  626.03  622.80  619.59  616.40  613.24  610.10  606.98  603.88  597.75  585.76  562.77  520.54  449.05  344.09  218.63  102.51   33.93   20.53   19.97   19.97   19.97
 0.14000166026008D-07   1591.50 1590.81 1589.07 1586.61 1583.66 1580.37 1576.83 1573.14 1569.33 1565.43 1561.48 1557.49 1553.47 1549.42 1545.35 1541.27 1537.18 1533.07 1528.96 1524.84 1520.71 1516.57 1512.43 1508.28 1504.12 1499.96 1495.79 1491.61 1487.42 1483.23 1479.03 1474.83 1470.61 1466.39 1462.16 1457.93 1453.68 1449.43 1445.17 1440.89 1436.61 1432.32 1428.02 1423.71 1419.39 1415.05 1410.00 1404.64 1397.81 1390.99 1384.18 1377.38 1370.60 1363.83 1357.09 1350.37 1343.66 1336.99 1330.33 1323.71 1317.11 1310.53 1303.99 1297.47 1290.98 1284.51 1278.07 1271.66 1265.28 1258.92 1252.59 1246.28 1240.00 1233.74 1227.51 1221.29 1215.11 1208.94 1202.80 1196.68 1190.58 1184.50 1178.44 1172.41 1166.40 1160.40 1154.43 1148.48 1142.55 1136.65 1130.76 1124.90 1119.06 1113.23 1107.44 1101.66 1095.90 1090.17 1084.46 1078.78 1073.11 1067.47 1061.85 1056.26 1050.69 1045.14 1039.62 1034.12 1028.64 1023.19 1017.77 1012.36 1006.98 1001.63  996.30  991.00  985.72  980.47  975.24  970.04  964.86  959.71  954.58  949.48  944.40  939.35  934.33  929.33  924.36  919.41  914.49  909.60  904.73  899.89  895.07  890.28  885.52  880.78  876.07  871.38  866.73  862.09  857.49  852.91  848.35  843.83  839.33  834.85  830.40  825.98  821.58  817.22  812.87  808.55  804.26  800.00  795.76  791.54  787.36  783.19  779.06  774.95  770.86  766.80  762.77  758.76  754.78  750.82  746.89  742.98  739.10  735.24  731.41  727.60  723.82  720.06  716.32  712.61  708.93  705.27  701.63  698.02  694.43  690.86  687.32  683.80  680.31  676.84  673.39  669.96  666.56  663.18  659.82  656.49  653.18  649.89  646.62  643.38  640.15  636.95  630.61  618.19  594.35  550.43  475.78  365.76  234.12  111.73   36.71   20.71   19.97   19.97   19.97
 0.15000173021195D-07   1594.34 1593.70 1592.08 1589.78 1587.02 1583.94 1580.64 1577.19 1573.62 1569.97 1566.27 1562.53 1558.75 1554.96 1551.14 1547.30 1543.45 1539.59 1535.72 1531.84 1527.94 1524.04 1520.13 1516.20 1512.27 1508.33 1504.38 1500.42 1496.44 1492.46 1488.47 1484.47 1480.46 1476.44 1472.41 1468.37 1464.32 1460.25 1456.18 1452.10 1448.01 1443.90 1439.79 1435.66 1431.53 1427.38 1423.22 1419.05 1414.87 1410.00 1405.08 1398.82 1392.56 1386.31 1380.06 1373.82 1367.58 1361.35 1355.13 1348.92 1342.71 1336.52 1330.33 1324.15 1317.99 1311.83 1305.69 1299.55 1293.43 1287.32 1281.23 1275.15 1269.08 1263.02 1256.98 1250.96 1244.94 1238.95 1232.97 1227.01 1221.06 1215.13 1209.21 1203.32 1197.44 1191.57 1185.73 1179.90 1174.10 1168.31 1162.54 1156.79 1151.05 1145.34 1139.65 1133.98 1128.32 1122.69 1117.08 1111.49 1105.92 1100.36 1094.84 1089.33 1083.84 1078.37 1072.93 1067.51 1062.10 1056.72 1051.37 1046.03 1040.72 1035.43 1030.16 1024.91 1019.69 1014.49 1009.31 1004.15  999.02  993.91  988.82  983.76  978.72  973.70  968.70  963.73  958.79  953.86  948.96  944.08  939.23  934.40  929.60  924.81  920.06  915.32  910.61  905.92  901.26  896.62  892.01  887.42  882.85  878.31  873.79  869.30  864.83  860.38  855.96  851.56  847.19  842.84  838.52  834.22  829.94  825.69  821.46  817.25  813.07  808.92  804.79  800.68  796.59  792.53  788.49  784.48  780.49  776.53  772.59  768.67  764.77  760.90  757.05  753.23  749.43  745.65  741.90  738.16  734.46  730.77  727.11  723.47  719.85  716.25  712.68  709.13  705.61  702.10  698.62  695.16  691.72  688.30  684.90  681.53  678.18  674.85  671.54  668.25  661.74  648.97  624.40  579.00  501.47  386.69  249.09  120.75   39.64   20.92   19.98   19.97   19.97
 0.16000196678229D-07   1593.19 1592.59 1591.08 1588.95 1586.38 1583.52 1580.45 1577.23 1573.91 1570.52 1567.08 1563.60 1560.09 1556.55 1553.00 1549.43 1545.85 1542.26 1538.65 1535.04 1531.42 1527.78 1524.14 1520.49 1516.83 1513.16 1509.49 1505.80 1502.10 1498.40 1494.69 1490.96 1487.23 1483.49 1479.74 1475.98 1472.22 1468.44 1464.65 1460.86 1457.05 1453.24 1449.41 1445.58 1441.73 1437.88 1434.02 1430.15 1426.26 1422.37 1418.47 1414.56 1410.00 1405.31 1399.34 1393.38 1387.42 1381.46 1375.51 1369.56 1363.62 1357.69 1351.76 1345.84 1339.92 1334.02 1328.12 1322.23 1316.35 1310.48 1304.61 1298.76 1292.92 1287.09 1281.26 1275.45 1269.65 1263.87 1258.09 1252.33 1246.58 1240.84 1235.12 1229.41 1223.71 1218.02 1212.36 1206.70 1201.06 1195.44 1189.83 1184.23 1178.66 1173.09 1167.55 1162.02 1156.50 1151.01 1145.53 1140.06 1134.62 1129.19 1123.78 1118.39 1113.02 1107.66 1102.32 1097.00 1091.70 1086.42 1081.16 1075.92 1070.69 1065.49 1060.30 1055.14 1049.99 1044.86 1039.76 1034.67 1029.61 1024.56 1019.54 1014.53 1009.55 1004.59  999.64  994.72  989.82  984.94  980.08  975.25  970.43  965.64  960.86  956.11  951.38  946.67  941.99  937.32  932.68  928.06  923.46  918.88  914.33  909.79  905.28  900.79  896.33  891.88  887.46  883.06  878.68  874.32  869.99  865.68  861.39  857.12  852.87  848.65  844.45  840.27  836.12  831.98  827.87  823.78  819.72  815.67  811.65  807.65  803.67  799.72  795.78  791.87  787.98  784.11  780.27  776.44  772.64  768.86  765.10  761.37  757.65  753.96  750.29  746.64  743.01  739.40  735.82  732.25  728.71  725.19  721.68  718.20  714.75  711.31  707.89  704.49  701.12  697.76  691.11  678.05  652.89  606.24  526.15  406.93  263.61  129.57   42.69   21.16   19.98   19.97   19.97
 0.17000203583495D-07   1589.57 1589.01 1587.62 1585.64 1583.27 1580.62 1577.78 1574.81 1571.74 1568.61 1565.43 1562.21 1558.96 1555.70 1552.42 1549.12 1545.82 1542.50 1539.18 1535.84 1532.50 1529.15 1525.79 1522.42 1519.05 1515.67 1512.28 1508.88 1505.48 1502.07 1498.65 1495.22 1491.78 1488.34 1484.89 1481.43 1477.97 1474.49 1471.01 1467.52 1464.03 1460.52 1457.01 1453.49 1449.96 1446.42 1442.87 1439.32 1435.76 1432.19 1428.61 1425.02 1421.42 1417.82 1414.21 1410.00 1405.47 1399.71 1393.94 1388.18 1382.43 1376.68 1370.93 1365.20 1359.46 1353.73 1348.01 1342.30 1336.59 1330.90 1325.20 1319.52 1313.85 1308.18 1302.53 1296.88 1291.25 1285.62 1280.00 1274.40 1268.81 1263.22 1257.65 1252.10 1246.55 1241.02 1235.49 1229.99 1224.49 1219.01 1213.54 1208.09 1202.65 1197.22 1191.81 1186.41 1181.03 1175.66 1170.31 1164.97 1159.65 1154.34 1149.05 1143.78 1138.52 1133.28 1128.06 1122.85 1117.66 1112.48 1107.32 1102.18 1097.06 1091.95 1086.87 1081.80 1076.74 1071.71 1066.69 1061.69 1056.71 1051.74 1046.80 1041.87 1036.96 1032.07 1027.20 1022.35 1017.52 1012.70 1007.91 1003.13  998.38  993.64  988.92  984.22  979.54  974.88  970.24  965.62  961.02  956.43  951.87  947.33  942.81  938.31  933.82  929.36  924.92  920.50  916.10  911.71  907.35  903.01  898.69  894.39  890.11  885.85  881.61  877.40  873.20  869.02  864.86  860.73  856.61  852.52  848.44  844.39  840.35  836.34  832.35  828.38  824.43  820.50  816.59  812.70  808.83  804.98  801.15  797.34  793.56  789.79  786.04  782.32  778.61  774.93  771.26  767.62  763.99  760.39  756.80  753.24  749.70  746.17  742.67  739.18  735.72  732.27  728.85  725.44  718.69  705.42  679.80  632.13  549.81  426.48  277.69  138.19   45.84   21.44   19.98   19.97   19.97
 0.18000222022680D-07   1582.49 1581.98 1580.69 1578.87 1576.69 1574.25 1571.63 1568.89 1566.06 1563.17 1560.23 1557.27 1554.28 1551.26 1548.24 1545.20 1542.15 1539.09 1536.02 1532.94 1529.85 1526.76 1523.66 1520.55 1517.43 1514.31 1511.18 1508.04 1504.89 1501.74 1498.58 1495.42 1492.24 1489.06 1485.87 1482.68 1479.47 1476.27 1473.05 1469.82 1466.59 1463.35 1460.11 1456.85 1453.59 1450.33 1447.05 1443.77 1440.48 1437.18 1433.88 1430.57 1427.25 1423.92 1420.59 1417.25 1413.90 1410.00 1405.69 1400.20 1394.72 1389.24 1383.76 1378.29 1372.82 1367.35 1361.89 1356.43 1350.98 1345.54 1340.10 1334.67 1329.24 1323.82 1318.40 1313.00 1307.60 1302.21 1296.82 1291.45 1286.08 1280.72 1275.37 1270.03 1264.69 1259.37 1254.06 1248.75 1243.46 1238.17 1232.90 1227.64 1222.39 1217.14 1211.91 1206.70 1201.49 1196.30 1191.11 1185.94 1180.78 1175.64 1170.51 1165.39 1160.28 1155.19 1150.11 1145.04 1139.99 1134.95 1129.92 1124.91 1119.92 1114.94 1109.97 1105.02 1100.08 1095.16 1090.25 1085.36 1080.49 1075.63 1070.78 1065.95 1061.14 1056.34 1051.56 1046.80 1042.05 1037.32 1032.61 1027.91 1023.23 1018.57 1013.92 1009.29 1004.68 1000.08  995.51  990.95  986.40  981.88  977.37  972.88  968.41  963.96  959.52  955.11  950.71  946.33  941.97  937.62  933.30  928.99  924.70  920.43  916.18  911.95  907.73  903.54  899.36  895.20  891.06  886.94  882.84  878.76  874.70  870.65  866.62  862.62  858.63  854.66  850.71  846.78  842.87  838.98  835.11  831.25  827.42  823.60  819.80  816.03  812.27  808.53  804.81  801.11  797.42  793.76  790.12  786.49  782.88  779.30  775.73  772.18  768.65  765.13  761.64  758.16  754.71  751.27  744.45  731.04  705.08  656.62  572.43  445.37  291.36  146.61   49.07   21.75   19.99   19.97   19.97
 0.19000250492193D-07   1573.52 1573.06 1571.88 1570.22 1568.22 1565.99 1563.59 1561.09 1558.50 1555.86 1553.18 1550.47 1547.73 1544.98 1542.21 1539.44 1536.65 1533.85 1531.05 1528.23 1525.41 1522.59 1519.75 1516.91 1514.07 1511.22 1508.36 1505.49 1502.62 1499.74 1496.86 1493.97 1491.07 1488.17 1485.26 1482.34 1479.42 1476.49 1473.56 1470.62 1467.67 1464.72 1461.76 1458.79 1455.82 1452.84 1449.86 1446.87 1443.87 1440.87 1437.86 1434.84 1431.82 1428.79 1425.76 1422.72 1419.67 1416.62 1413.56 1410.00 1405.85 1400.57 1395.28 1390.00 1384.73 1379.45 1374.19 1368.92 1363.66 1358.40 1353.15 1347.91 1342.66 1337.43 1332.20 1326.97 1321.76 1316.54 1311.34 1306.14 1300.95 1295.76 1290.59 1285.42 1280.25 1275.10 1269.95 1264.82 1259.69 1254.57 1249.46 1244.35 1239.26 1234.18 1229.10 1224.04 1218.99 1213.94 1208.91 1203.89 1198.88 1193.87 1188.88 1183.91 1178.94 1173.98 1169.04 1164.11 1159.19 1154.28 1149.38 1144.50 1139.63 1134.77 1129.93 1125.10 1120.28 1115.47 1110.68 1105.90 1101.14 1096.39 1091.65 1086.93 1082.22 1077.52 1072.84 1068.18 1063.53 1058.89 1054.27 1049.66 1045.07 1040.50 1035.93 1031.39 1026.86 1022.34 1017.84 1013.36 1008.89 1004.44 1000.00  995.58  991.18  986.79  982.42  978.06  973.72  969.40  965.10  960.81  956.53  952.28  948.04  943.81  939.61  935.42  931.25  927.09  922.96  918.84  914.73  910.65  906.58  902.52  898.49  894.47  890.47  886.49  882.53  878.58  874.65  870.74  866.84  862.97  859.11  855.27  851.44  847.64  843.85  840.08  836.32  832.59  828.87  825.17  821.49  817.82  814.17  810.54  806.93  803.34  799.76  796.20  792.66  789.14  785.63  782.14  778.67  775.22  768.37  754.87  728.71  679.68  593.98  463.59  304.65  154.84   52.37   22.09   20.00   19.97   19.97
 0.20000250731018D-07   1561.72 1561.29 1560.23 1558.72 1556.91 1554.90 1552.73 1550.47 1548.13 1545.74 1543.32 1540.87 1538.40 1535.92 1533.42 1530.92 1528.41 1525.89 1523.36 1520.83 1518.30 1515.76 1513.21 1510.66 1508.11 1505.55 1502.98 1500.41 1497.84 1495.26 1492.68 1490.09 1487.50 1484.91 1482.31 1479.70 1477.09 1474.48 1471.86 1469.24 1466.62 1463.99 1461.35 1458.71 1456.07 1453.42 1450.77 1448.11 1445.45 1442.79 1440.12 1437.44 1434.76 1432.08 1429.39 1426.70 1424.00 1421.30 1418.59 1415.88 1413.16 1410.00 1405.90 1400.67 1395.45 1390.24 1385.02 1379.82 1374.61 1369.42 1364.23 1359.05 1353.88 1348.71 1343.55 1338.41 1333.27 1328.14 1323.02 1317.91 1312.82 1307.73 1302.65 1297.59 1292.54 1287.50 1282.47 1277.45 1272.44 1267.45 1262.46 1257.49 1252.53 1247.58 1242.65 1237.72 1232.81 1227.91 1223.02 1218.15 1213.28 1208.43 1203.59 1198.76 1193.94 1189.14 1184.34 1179.56 1174.79 1170.03 1165.28 1160.54 1155.82 1151.10 1146.40 1141.71 1137.03 1132.37 1127.72 1123.07 1118.44 1113.83 1109.22 1104.63 1100.04 1095.48 1090.92 1086.38 1081.84 1077.33 1072.82 1068.33 1063.85 1059.38 1054.93 1050.49 1046.06 1041.65 1037.25 1032.86 1028.49 1024.13 1019.78 1015.45 1011.14 1006.83 1002.54  998.27  994.01  989.76  985.53  981.32  977.12  972.93  968.76  964.60  960.46  956.33  952.22  948.12  944.04  939.98  935.93  931.89  927.87  923.87  919.88  915.91  911.95  908.01  904.09  900.18  896.28  892.41  888.54  884.70  880.87  877.06  873.26  869.48  865.71  861.97  858.23  854.52  850.82  847.14  843.47  839.82  836.18  832.57  828.97  825.38  821.81  818.26  814.72  811.21  807.70  804.22  800.75  797.29  790.43  776.92  750.66  701.28  614.42  481.13  317.56  162.89   55.72   22.46   20.00   19.97   19.97
 0.21000257176906D-07   1548.03 1547.65 1546.69 1545.34 1543.71 1541.90 1539.95 1537.91 1535.81 1533.66 1531.47 1529.26 1527.04 1524.80 1522.54 1520.28 1518.01 1515.73 1513.45 1511.16 1508.86 1506.56 1504.25 1501.93 1499.62 1497.29 1494.96 1492.63 1490.29 1487.94 1485.59 1483.24 1480.88 1478.51 1476.14 1473.77 1471.39 1469.01 1466.62 1464.22 1461.82 1459.42 1457.01 1454.60 1452.18 1449.76 1447.33 1444.90 1442.47 1440.03 1437.58 1435.13 1432.68 1430.22 1427.76 1425.29 1422.82 1420.35 1417.87 1415.38 1412.90 1410.00 1406.19 1401.35 1396.50 1391.65 1386.81 1381.97 1377.14 1372.31 1367.48 1362.65 1357.83 1353.01 1348.19 1343.38 1338.57 1333.77 1328.97 1324.18 1319.39 1314.60 1309.82 1305.05 1300.28 1295.51 1290.75 1286.00 1281.25 1276.51 1271.77 1267.04 1262.32 1257.60 1252.89 1248.19 1243.49 1238.80 1234.12 1229.44 1224.78 1220.11 1215.46 1210.82 1206.18 1201.55 1196.93 1192.31 1187.71 1183.11 1178.53 1173.95 1169.38 1164.82 1160.26 1155.72 1151.19 1146.67 1142.15 1137.65 1133.15 1128.67 1124.20 1119.73 1115.28 1110.83 1106.40 1101.98 1097.57 1093.17 1088.78 1084.40 1080.04 1075.68 1071.34 1067.00 1062.68 1058.37 1054.08 1049.79 1045.52 1041.26 1037.01 1032.77 1028.55 1024.34 1020.14 1015.95 1011.78 1007.62 1003.47  999.34  995.22  991.11  987.01  982.93  978.86  974.81  970.77  966.74  962.73  958.73  954.74  950.77  946.81  942.87  938.94  935.02  931.12  927.23  923.36  919.50  915.66  911.83  908.01  904.21  900.43  896.66  892.90  889.16  885.43  881.72  878.02  874.34  870.68  867.02  863.39  859.76  856.16  852.57  848.99  845.43  841.88  838.35  834.83  831.33  827.85  824.38  820.92  817.48  810.65  797.16  770.93  721.41  633.74  497.98  330.10  170.77   59.12   22.86   20.01   19.97   19.97
 0.22000281470165D-07   1533.95 1533.62 1532.77 1531.58 1530.14 1528.54 1526.82 1525.02 1523.16 1521.26 1519.33 1517.38 1515.42 1513.44 1511.45 1509.45 1507.45 1505.43 1503.42 1501.39 1499.36 1497.33 1495.29 1493.25 1491.20 1489.15 1487.09 1485.03 1482.97 1480.90 1478.82 1476.74 1474.66 1472.57 1470.48 1468.39 1466.29 1464.18 1462.08 1459.96 1457.85 1455.73 1453.60 1451.48 1449.34 1447.21 1445.07 1442.93 1440.78 1438.63 1436.48 1434.32 1432.16 1429.99 1427.82 1425.65 1423.48 1421.30 1419.12 1416.93 1414.74 1412.55 1410.00 1406.31 1401.62 1396.92 1392.23 1387.54 1382.85 1378.16 1373.48 1368.80 1364.13 1359.45 1354.78 1350.12 1345.45 1340.80 1336.14 1331.49 1326.84 1322.20 1317.56 1312.93 1308.30 1303.68 1299.06 1294.44 1289.84 1285.23 1280.63 1276.04 1271.46 1266.87 1262.30 1257.73 1253.17 1248.61 1244.06 1239.52 1234.98 1230.45 1225.93 1221.41 1216.90 1212.40 1207.91 1203.42 1198.94 1194.47 1190.01 1185.55 1181.10 1176.66 1172.23 1167.81 1163.40 1158.99 1154.59 1150.21 1145.83 1141.46 1137.10 1132.75 1128.41 1124.07 1119.75 1115.44 1111.13 1106.84 1102.56 1098.28 1094.02 1089.77 1085.53 1081.29 1077.07 1072.86 1068.66 1064.47 1060.30 1056.13 1051.97 1047.83 1043.69 1039.57 1035.46 1031.36 1027.28 1023.20 1019.14 1015.08 1011.04 1007.02 1003.00  999.00  995.00  991.03  987.06  983.10  979.16  975.23  971.32  967.41  963.52  959.64  955.78  951.93  948.09  944.26  940.45  936.65  932.86  929.09  925.33  921.58  917.85  914.13  910.42  906.73  903.05  899.39  895.73  892.10  888.47  884.86  881.26  877.68  874.11  870.56  867.02  863.49  859.98  856.48  852.99  849.52  846.07  842.63  839.20  835.78  829.00  815.60  789.48  740.01  651.89  514.12  342.28  178.48   62.54   23.30   20.02   19.97   19.97
 0.23000281918877D-07   1516.91 1516.62 1515.89 1514.85 1513.60 1512.21 1510.71 1509.14 1507.53 1505.87 1504.19 1502.49 1500.78 1499.05 1497.31 1495.57 1493.82 1492.06 1490.29 1488.52 1486.75 1484.96 1483.18 1481.39 1479.59 1477.79 1475.99 1474.18 1472.36 1470.54 1468.72 1466.89 1465.06 1463.22 1461.38 1459.54 1457.69 1455.84 1453.98 1452.12 1450.26 1448.39 1446.52 1444.64 1442.76 1440.88 1438.99 1437.10 1435.21 1433.31 1431.41 1429.51 1427.60 1425.69 1423.78 1421.86 1419.95 1418.02 1416.10 1414.17 1412.25 1410.00 1406.56 1402.18 1397.81 1393.43 1389.06 1384.68 1380.31 1375.94 1371.57 1367.20 1362.83 1358.46 1354.10 1349.73 1345.37 1341.00 1336.64 1332.28 1327.91 1323.55 1319.19 1314.83 1310.48 1306.12 1301.76 1297.41 1293.06 1288.70 1284.35 1280.01 1275.66 1271.32 1266.98 1262.64 1258.30 1253.97 1249.64 1245.31 1240.99 1236.66 1232.35 1228.03 1223.73 1219.42 1215.12 1210.82 1206.53 1202.24 1197.96 1193.69 1189.41 1185.15 1180.89 1176.64 1172.39 1168.15 1163.91 1159.68 1155.46 1151.24 1147.03 1142.83 1138.64 1134.45 1130.27 1126.10 1121.94 1117.78 1113.63 1109.49 1105.36 1101.24 1097.13 1093.02 1088.92 1084.84 1080.76 1076.69 1072.63 1068.58 1064.53 1060.50 1056.48 1052.47 1048.46 1044.47 1040.49 1036.52 1032.55 1028.60 1024.66 1020.73 1016.81 1012.90 1009.00 1005.11 1001.23  997.36  993.51  989.66  985.83  982.01  978.20  974.40  970.61  966.83  963.07  959.32  955.58  951.85  948.13  944.42  940.73  937.05  933.38  929.72  926.08  922.44  918.82  915.21  911.62  908.04  904.46  900.91  897.36  893.83  890.31  886.80  883.30  879.82  876.35  872.90  869.45  866.02  862.60  859.20  855.81  852.43  845.71  832.43  806.51  757.24  668.93  529.55  354.09  186.03   65.98   23.76   20.03   19.97   19.97
 0.24000303133661D-07   1499.21 1498.97 1498.35 1497.48 1496.43 1495.25 1493.99 1492.68 1491.32 1489.93 1488.51 1487.08 1485.64 1484.19 1482.73 1481.27 1479.80 1478.32 1476.84 1475.36 1473.87 1472.38 1470.88 1469.38 1467.88 1466.38 1464.87 1463.35 1461.84 1460.32 1458.79 1457.27 1455.74 1454.21 1452.67 1451.14 1449.59 1448.05 1446.50 1444.95 1443.40 1441.85 1440.29 1438.73 1437.17 1435.60 1434.04 1432.47 1430.89 1429.32 1427.74 1426.16 1424.58 1423.00 1421.41 1419.82 1418.24 1416.64 1415.05 1413.46 1411.86 1410.00 1406.62 1402.30 1397.99 1393.68 1389.38 1385.07 1380.77 1376.47 1372.17 1367.87 1363.58 1359.29 1355.00 1350.72 1346.43 1342.15 1337.88 1333.60 1329.33 1325.06 1320.80 1316.54 1312.28 1308.03 1303.77 1299.53 1295.28 1291.04 1286.81 1282.58 1278.35 1274.13 1269.91 1265.69 1261.48 1257.28 1253.08 1248.88 1244.69 1240.50 1236.32 1232.14 1227.97 1223.80 1219.64 1215.49 1211.34 1207.19 1203.05 1198.92 1194.79 1190.67 1186.55 1182.44 1178.34 1174.24 1170.15 1166.07 1161.99 1157.92 1153.85 1149.79 1145.74 1141.70 1137.66 1133.63 1129.60 1125.59 1121.58 1117.58 1113.58 1109.60 1105.62 1101.65 1097.68 1093.73 1089.78 1085.84 1081.91 1077.99 1074.07 1070.17 1066.27 1062.38 1058.50 1054.63 1050.77 1046.91 1043.07 1039.23 1035.40 1031.59 1027.78 1023.98 1020.19 1016.41 1012.64 1008.88 1005.13 1001.38  997.65  993.93  990.22  986.52  982.82  979.14  975.47  971.81  968.16  964.52  960.89  957.27  953.66  950.06  946.48  942.90  939.33  935.78  932.24  928.70  925.18  921.67  918.17  914.68  911.21  907.74  904.29  900.84  897.41  893.99  890.58  887.19  883.80  880.43  877.07  873.72  870.38  867.05  860.43  847.34  821.74  772.90  684.78  544.25  365.53  193.41   69.43   24.26   20.04   19.97   19.97
 0.25000330094371D-07   1481.02 1480.83 1480.32 1479.61 1478.76 1477.81 1476.78 1475.71 1474.60 1473.46 1472.31 1471.14 1469.97 1468.78 1467.58 1466.38 1465.18 1463.97 1462.75 1461.53 1460.31 1459.08 1457.85 1456.61 1455.37 1454.13 1452.89 1451.64 1450.38 1449.13 1447.87 1446.61 1445.34 1444.07 1442.80 1441.52 1440.25 1438.97 1437.68 1436.40 1435.11 1433.82 1432.52 1431.23 1429.93 1428.63 1427.32 1426.02 1424.71 1423.40 1422.09 1420.78 1419.46 1418.15 1416.83 1415.51 1414.19 1412.86 1411.54 1410.00 1406.86 1402.85 1398.85 1394.84 1390.84 1386.84 1382.84 1378.84 1374.84 1370.83 1366.83 1362.83 1358.83 1354.83 1350.82 1346.82 1342.81 1338.81 1334.80 1330.79 1326.78 1322.78 1318.77 1314.76 1310.75 1306.73 1302.72 1298.71 1294.70 1290.69 1286.68 1282.66 1278.65 1274.64 1270.63 1266.62 1262.61 1258.60 1254.60 1250.59 1246.59 1242.59 1238.59 1234.60 1230.60 1226.61 1222.62 1218.63 1214.65 1210.67 1206.70 1202.72 1198.75 1194.79 1190.83 1186.87 1182.92 1178.97 1175.03 1171.09 1167.16 1163.23 1159.31 1155.39 1151.48 1147.57 1143.67 1139.78 1135.89 1132.00 1128.13 1124.25 1120.39 1116.53 1112.68 1108.83 1104.99 1101.16 1097.34 1093.52 1089.71 1085.90 1082.11 1078.32 1074.54 1070.76 1066.99 1063.23 1059.48 1055.74 1052.00 1048.27 1044.55 1040.84 1037.14 1033.44 1029.75 1026.08 1022.40 1018.74 1015.09 1011.44 1007.81 1004.18 1000.56  996.95  993.35  989.76  986.18  982.60  979.04  975.49  971.94  968.40  964.88  961.36  957.85  954.36  950.87  947.39  943.92  940.47  937.02  933.58  930.15  926.73  923.33  919.93  916.54  913.17  909.80  906.44  903.10  899.76  896.44  893.13  889.82  886.53  883.25  879.98  873.47  860.58  835.34  787.05  699.39  558.19  376.62  200.63   72.89   24.78   20.06   19.97   19.97
 0.26000356563344D-07   1462.69 1462.54 1462.16 1461.62 1460.97 1460.24 1459.46 1458.64 1457.80 1456.93 1456.05 1455.16 1454.26 1453.35 1452.43 1451.51 1450.59 1449.66 1448.73 1447.79 1446.85 1445.91 1444.96 1444.01 1443.06 1442.10 1441.14 1440.18 1439.21 1438.24 1437.27 1436.30 1435.32 1434.34 1433.35 1432.37 1431.38 1430.39 1429.40 1428.40 1427.40 1426.40 1425.40 1424.40 1423.39 1422.38 1421.37 1420.36 1419.35 1418.33 1417.31 1416.30 1415.28 1414.26 1413.24 1412.21 1411.19 1410.00 1407.04 1403.27 1399.49 1395.72 1391.95 1388.17 1384.40 1380.62 1376.84 1373.05 1369.27 1365.48 1361.69 1357.89 1354.09 1350.29 1346.48 1342.67 1338.85 1335.03 1331.21 1327.38 1323.55 1319.72 1315.88 1312.04 1308.20 1304.36 1300.51 1296.66 1292.81 1288.96 1285.11 1281.25 1277.40 1273.54 1269.69 1265.84 1261.98 1258.13 1254.28 1250.43 1246.58 1242.73 1238.89 1235.04 1231.20 1227.37 1223.53 1219.70 1215.87 1212.04 1208.21 1204.39 1200.58 1196.76 1192.95 1189.15 1185.34 1181.55 1177.75 1173.96 1170.18 1166.39 1162.62 1158.84 1155.08 1151.31 1147.55 1143.80 1140.05 1136.31 1132.57 1128.83 1125.11 1121.38 1117.67 1113.95 1110.25 1106.55 1102.85 1099.16 1095.48 1091.80 1088.13 1084.47 1080.81 1077.15 1073.51 1069.87 1066.23 1062.61 1058.99 1055.37 1051.77 1048.17 1044.58 1040.99 1037.41 1033.84 1030.28 1026.72 1023.17 1019.63 1016.10 1012.57 1009.05 1005.54 1002.04  998.55  995.06  991.58  988.11  984.65  981.19  977.75  974.31  970.88  967.46  964.05  960.65  957.25  953.87  950.49  947.12  943.76  940.41  937.07  933.74  930.42  927.11  923.80  920.51  917.22  913.95  910.68  907.43  904.18  900.94  897.71  894.50  891.29  884.90  872.25  847.43  799.79  712.83  571.36  387.32  207.71   76.35   25.33   20.07   19.97   19.97
 0.27000381793398D-07   1444.58 1444.48 1444.22 1443.85 1443.41 1442.92 1442.39 1441.83 1441.26 1440.67 1440.07 1439.46 1438.84 1438.22 1437.60 1436.97 1436.34 1435.70 1435.07 1434.43 1433.78 1433.14 1432.49 1431.84 1431.18 1430.53 1429.87 1429.21 1428.55 1427.88 1427.22 1426.55 1425.88 1425.21 1424.54 1423.86 1423.19 1422.51 1421.83 1421.15 1420.46 1419.78 1419.10 1418.41 1417.72 1417.04 1416.35 1415.66 1414.97 1414.27 1413.58 1412.89 1412.20 1411.50 1410.81 1410.00 1407.09 1403.38 1399.67 1395.97 1392.26 1388.56 1384.86 1381.15 1377.45 1373.75 1370.05 1366.35 1362.65 1358.95 1355.26 1351.56 1347.86 1344.17 1340.47 1336.78 1333.08 1329.39 1325.70 1322.00 1318.31 1314.62 1310.93 1307.24 1303.55 1299.86 1296.17 1292.48 1288.79 1285.11 1281.42 1277.73 1274.05 1270.36 1266.68 1263.00 1259.32 1255.64 1251.96 1248.28 1244.60 1240.93 1237.25 1233.58 1229.91 1226.24 1222.57 1218.91 1215.24 1211.58 1207.92 1204.26 1200.61 1196.96 1193.30 1189.66 1186.01 1182.37 1178.73 1175.09 1171.45 1167.82 1164.19 1160.57 1156.95 1153.33 1149.71 1146.10 1142.49 1138.89 1135.29 1131.69 1128.10 1124.51 1120.93 1117.35 1113.78 1110.21 1106.64 1103.08 1099.52 1095.97 1092.43 1088.89 1085.35 1081.82 1078.29 1074.77 1071.26 1067.75 1064.25 1060.75 1057.26 1053.77 1050.29 1046.82 1043.35 1039.89 1036.43 1032.98 1029.54 1026.10 1022.68 1019.25 1015.84 1012.43 1009.02 1005.63 1002.24  998.86  995.49  992.12  988.76  985.41  982.06  978.73  975.40  972.07  968.76  965.45  962.15  958.86  955.58  952.31  949.04  945.78  942.53  939.29  936.05  932.83  929.61  926.40  923.20  920.01  916.82  913.65  910.48  907.33  904.18  901.04  894.79  882.39  858.04  811.17  725.13  583.76  397.66  214.62   79.80   25.91   20.09   19.97   19.97
 0.28000384895615D-07   1427.58 1427.53 1427.40 1427.21 1426.98 1426.73 1426.45 1426.16 1425.86 1425.55 1425.24 1424.92 1424.59 1424.27 1423.94 1423.60 1423.27 1422.93 1422.58 1422.24 1421.89 1421.55 1421.20 1420.84 1420.49 1420.13 1419.78 1419.42 1419.06 1418.69 1418.33 1417.96 1417.60 1417.23 1416.86 1416.49 1416.12 1415.74 1415.37 1415.00 1414.62 1414.24 1413.87 1413.49 1413.11 1412.73 1412.35 1411.97 1411.59 1411.21 1410.83 1410.44 1410.00 1407.22 1403.68 1400.15 1396.61 1393.07 1389.54 1386.01 1382.47 1378.94 1375.41 1371.88 1368.34 1364.81 1361.28 1357.75 1354.22 1350.69 1347.16 1343.64 1340.11 1336.58 1333.05 1329.52 1325.99 1322.47 1318.94 1315.41 1311.88 1308.35 1304.83 1301.30 1297.77 1294.24 1290.72 1287.19 1283.66 1280.14 1276.61 1273.08 1269.56 1266.03 1262.51 1258.98 1255.46 1251.93 1248.41 1244.89 1241.37 1237.85 1234.33 1230.81 1227.29 1223.77 1220.26 1216.74 1213.23 1209.72 1206.21 1202.70 1199.19 1195.68 1192.18 1188.68 1185.17 1181.68 1178.18 1174.68 1171.19 1167.70 1164.22 1160.73 1157.25 1153.77 1150.29 1146.82 1143.34 1139.88 1136.41 1132.95 1129.49 1126.03 1122.58 1119.13 1115.69 1112.25 1108.81 1105.38 1101.95 1098.52 1095.10 1091.68 1088.27 1084.86 1081.45 1078.05 1074.66 1071.27 1067.88 1064.50 1061.13 1057.75 1054.39 1051.03 1047.67 1044.32 1040.98 1037.64 1034.30 1030.97 1027.65 1024.33 1021.02 1017.72 1014.42 1011.13 1007.84 1004.56 1001.28  998.01  994.75  991.50  988.25  985.01  981.77  978.54  975.32  972.10  968.89  965.69  962.50  959.31  956.13  952.96  949.79  946.63  943.48  940.34  937.20  934.07  930.95  927.84  924.73  921.63  918.54  915.46  912.38  909.32  903.21  891.09  867.24  821.23  736.30  595.39  407.62  221.39   83.24   26.51   20.11   19.97   19.97
 0.29000409681999D-07   1412.17 1412.17 1412.17 1412.16 1412.15 1412.14 1412.13 1412.11 1412.09 1412.07 1412.04 1412.02 1411.99 1411.96 1411.93 1411.89 1411.86 1411.82 1411.78 1411.74 1411.69 1411.65 1411.60 1411.55 1411.50 1411.45 1411.40 1411.35 1411.29 1411.23 1411.18 1411.12 1411.06 1411.00 1410.94 1410.87 1410.81 1410.75 1410.68 1410.62 1410.55 1410.48 1410.42 1410.35 1410.28 1410.21 1410.15 1410.08 1410.00 1407.38 1404.05 1400.72 1397.39 1394.05 1390.72 1387.39 1384.06 1380.73 1377.40 1374.07 1370.74 1367.41 1364.07 1360.74 1357.41 1354.08 1350.74 1347.41 1344.07 1340.73 1337.40 1334.06 1330.72 1327.38 1324.03 1320.69 1317.35 1314.00 1310.65 1307.31 1303.96 1300.61 1297.26 1293.90 1290.55 1287.19 1283.84 1280.48 1277.12 1273.76 1270.41 1267.04 1263.68 1260.32 1256.96 1253.59 1250.23 1246.87 1243.50 1240.14 1236.77 1233.41 1230.04 1226.67 1223.31 1219.94 1216.58 1213.21 1209.85 1206.48 1203.12 1199.76 1196.40 1193.04 1189.67 1186.32 1182.96 1179.60 1176.24 1172.89 1169.54 1166.19 1162.84 1159.49 1156.14 1152.80 1149.46 1146.12 1142.78 1139.44 1136.11 1132.78 1129.45 1126.12 1122.80 1119.48 1116.16 1112.85 1109.54 1106.23 1102.92 1099.62 1096.32 1093.03 1089.74 1086.45 1083.16 1079.88 1076.61 1073.33 1070.06 1066.80 1063.54 1060.28 1057.03 1053.78 1050.54 1047.30 1044.06 1040.83 1037.61 1034.39 1031.17 1027.96 1024.76 1021.56 1018.36 1015.17 1011.98 1008.81 1005.63 1002.46  999.30  996.14  992.99  989.84  986.70  983.57  980.44  977.32  974.20  971.09  967.99  964.89  961.80  958.71  955.63  952.56  949.49  946.43  943.38  940.34  937.30  934.26  931.24  928.22  925.21  922.20  919.21  916.22  910.26  898.42  875.12  830.03  746.38  606.27  417.20  228.00   86.67   27.14   20.13   19.97   19.97
 0.30000414420356D-07   1410.00 1410.00 1410.00 1410.00 1410.00 1410.00 1410.00 1410.00 1410.00 1410.00 1410.00 1410.00 1410.00 1410.00 1410.00 1410.00 1410.00 1410.00 1410.00 1410.00 1410.00 1410.00 1410.00 1410.00 1410.00 1410.00 1410.00 1410.00 1410.00 1410.00 1410.00 1410.00 1410.00 1410.00 1410.00 1410.00 1410.00 1410.00 1410.00 1410.00 1410.00 1410.00 1410.00 1410.00 1407.63 1404.62 1401.60 1398.59 1395.56 1392.54 1389.51 1386.48 1383.43 1380.39 1377.33 1374.27 1371.20 1368.13 1365.04 1361.95 1358.85 1355.74 1352.62 1349.50 1346.37 1343.23 1340.08 1336.93 1333.77 1330.61 1327.44 1324.27 1321.09 1317.91 1314.72 1311.53 1308.34 1305.15 1301.95 1298.75 1295.54 1292.34 1289.13 1285.92 1282.71 1279.50 1276.29 1273.07 1269.86 1266.64 1263.42 1260.20 1256.98 1253.76 1250.54 1247.31 1244.09 1240.87 1237.64 1234.42 1231.19 1227.97 1224.74 1221.51 1218.29 1215.06 1211.83 1208.61 1205.38 1202.15 1198.93 1195.70 1192.48 1189.25 1186.03 1182.80 1179.58 1176.36 1173.14 1169.92 1166.70 1163.48 1160.26 1157.05 1153.83 1150.62 1147.41 1144.20 1140.99 1137.78 1134.57 1131.37 1128.17 1124.97 1121.77 1118.58 1115.38 1112.19 1109.00 1105.82 1102.63 1099.45 1096.27 1093.10 1089.92 1086.76 1083.59 1080.42 1077.26 1074.11 1070.95 1067.80 1064.65 1061.51 1058.37 1055.23 1052.10 1048.97 1045.84 1042.72 1039.61 1036.49 1033.38 1030.28 1027.18 1024.08 1020.99 1017.90 1014.82 1011.74 1008.67 1005.60 1002.53  999.47  996.42  993.37  990.32  987.28  984.25  981.22  978.20  975.18  972.17  969.16  966.16  963.16  960.17  957.19  954.21  951.23  948.27  945.30  942.35  939.40  936.46  933.52  930.59  927.66  924.74  921.83  916.03  904.49  881.76  837.65  755.41  616.39  426.40  234.47   90.07   27.79   20.16   19.97   19.97
 0.31000418798605D-07   1410.00 1410.00 1410.00 1410.00 1410.00 1410.00 1410.00 1410.00 1410.00 1410.00 1410.00 1410.00 1410.00 1410.00 1410.00 1410.00 1410.00 1410.00 1410.00 1410.00 1410.00 1410.00 1410.00 1410.00 1410.00 1410.00 1410.00 1410.00 1410.00 1410.00 1410.00 1410.00 1410.00 1410.00 1410.00 1410.00 1410.00 1410.00 1410.00 1410.00 1407.69 1404.74 1401.79 1398.84 1395.88 1392.93 1389.98 1387.02 1384.06 1381.10 1378.14 1375.17 1372.20 1369.23 1366.25 1363.27 1360.28 1357.29 1354.30 1351.30 1348.29 1345.28 1342.27 1339.25 1336.23 1333.20 1330.17 1327.14 1324.10 1321.06 1318.01 1314.96 1311.90 1308.84 1305.78 1302.72 1299.65 1296.58 1293.51 1290.43 1287.35 1284.27 1281.19 1278.10 1275.02 1271.93 1268.84 1265.74 1262.65 1259.55 1256.46 1253.36 1250.26 1247.16 1244.06 1240.95 1237.85 1234.75 1231.64 1228.54 1225.43 1222.32 1219.22 1216.11 1213.00 1209.90 1206.79 1203.68 1200.57 1197.46 1194.36 1191.25 1188.14 1185.04 1181.93 1178.82 1175.72 1172.61 1169.51 1166.40 1163.30 1160.20 1157.10 1154.00 1150.90 1147.80 1144.71 1141.61 1138.52 1135.42 1132.33 1129.24 1126.15 1123.07 1119.98 1116.90 1113.82 1110.74 1107.66 1104.59 1101.51 1098.44 1095.37 1092.31 1089.24 1086.18 1083.12 1080.07 1077.01 1073.96 1070.91 1067.87 1064.83 1061.79 1058.75 1055.72 1052.69 1049.66 1046.64 1043.62 1040.60 1037.59 1034.58 1031.58 1028.57 1025.58 1022.58 1019.59 1016.61 1013.62 1010.65 1007.67 1004.70 1001.74  998.78  995.82  992.87  989.92  986.98  984.04  981.10  978.18  975.25  972.33  969.42  966.51  963.60  960.70  957.81  954.92  952.04  949.16  946.28  943.42  940.55  937.70  934.85  932.00  929.16  926.33  920.68  909.44  887.27  844.17  763.45  625.78  435.22  240.78   93.46   28.46   20.18   19.97   19.97
 0.32000427925773D-07   1410.00 1410.00 1410.00 1410.00 1410.00 1410.00 1410.00 1410.00 1410.00 1410.00 1410.00 1410.00 1410.00 1410.00 1410.00 1410.00 1410.00 1410.00 1410.00 1410.00 1410.00 1410.00 1410.00 1410.00 1410.00 1410.00 1410.00 1410.00 1410.00 1410.00 1410.00 1410.00 1410.00 1410.00 1410.00 1410.00 1407.77 1404.92 1402.08 1399.23 1396.39 1393.54 1390.69 1387.84 1384.99 1382.13 1379.27 1376.41 1373.54 1370.68 1367.80 1364.93 1362.05 1359.16 1356.27 1353.38 1350.48 1347.58 1344.67 1341.76 1338.84 1335.92 1333.00 1330.07 1327.14 1324.20 1321.26 1318.32 1315.37 1312.42 1309.47 1306.51 1303.55 1300.59 1297.62 1294.65 1291.68 1288.71 1285.73 1282.75 1279.77 1276.79 1273.81 1270.82 1267.83 1264.85 1261.86 1258.86 1255.87 1252.88 1249.88 1246.88 1243.89 1240.89 1237.89 1234.89 1231.89 1228.89 1225.88 1222.88 1219.88 1216.88 1213.87 1210.87 1207.86 1204.86 1201.85 1198.85 1195.84 1192.84 1189.83 1186.83 1183.82 1180.82 1177.81 1174.81 1171.81 1168.80 1165.80 1162.80 1159.80 1156.80 1153.80 1150.80 1147.80 1144.81 1141.81 1138.81 1135.82 1132.83 1129.84 1126.85 1123.86 1120.87 1117.89 1114.90 1111.92 1108.94 1105.96 1102.98 1100.01 1097.04 1094.07 1091.10 1088.13 1085.16 1082.20 1079.24 1076.28 1073.33 1070.38 1067.43 1064.48 1061.53 1058.59 1055.65 1052.72 1049.78 1046.85 1043.92 1041.00 1038.08 1035.16 1032.25 1029.33 1026.43 1023.52 1020.62 1017.72 1014.83 1011.94 1009.05 1006.17 1003.29 1000.41  997.54  994.68  991.81  988.95  986.10  983.25  980.40  977.56  974.72  971.89  969.06  966.24  963.42  960.60  957.79  954.99  952.19  949.39  946.60  943.82  941.04  938.26  935.49  932.72  929.96  924.46  913.51  891.89  849.77  770.59  634.46  443.66  246.94   96.81   29.16   20.21   19.97   19.97
 0.33000434429750D-07   1410.00 1410.00 1410.00 1410.00 1410.00 1410.00 1410.00 1410.00 1410.00 1410.00 1410.00 1410.00 1410.00 1410.00 1410.00 1410.00 1410.00 1410.00 1410.00 1410.00 1410.00 1410.00 1410.00 1410.00 1410.00 1410.00 1410.00 1410.00 1410.00 1410.00 1410.00 1410.00 1407.88 1405.17 1402.47 1399.76 1397.05 1394.33 1391.62 1388.90 1386.17 1383.44 1380.70 1377.95 1375.20 1372.44 1369.67 1366.90 1364.12 1361.34 1358.54 1355.74 1352.93 1350.12 1347.30 1344.48 1341.65 1338.81 1335.97 1333.13 1330.28 1327.42 1324.57 1321.71 1318.84 1315.98 1313.11 1310.23 1307.36 1304.48 1301.61 1298.72 1295.84 1292.96 1290.07 1287.18 1284.29 1281.40 1278.51 1275.62 1272.72 1269.83 1266.93 1264.03 1261.13 1258.23 1255.33 1252.43 1249.52 1246.62 1243.71 1240.81 1237.90 1234.99 1232.08 1229.17 1226.26 1223.35 1220.44 1217.53 1214.61 1211.70 1208.79 1205.88 1202.96 1200.05 1197.13 1194.22 1191.30 1188.39 1185.48 1182.56 1179.65 1176.73 1173.82 1170.91 1167.99 1165.08 1162.17 1159.26 1156.35 1153.44 1150.53 1147.62 1144.71 1141.80 1138.89 1135.99 1133.08 1130.18 1127.28 1124.38 1121.48 1118.58 1115.68 1112.79 1109.89 1107.00 1104.11 1101.22 1098.33 1095.45 1092.56 1089.68 1086.80 1083.92 1081.05 1078.17 1075.30 1072.43 1069.56 1066.70 1063.84 1060.98 1058.12 1055.26 1052.41 1049.56 1046.72 1043.87 1041.03 1038.19 1035.36 1032.52 1029.69 1026.87 1024.04 1021.22 1018.41 1015.59 1012.78 1009.98 1007.17 1004.37 1001.58  998.78  995.99  993.21  990.43  987.65  984.88  982.11  979.34  976.58  973.82  971.07  968.32  965.57  962.83  960.09  957.36  954.63  951.91  949.19  946.47  943.76  941.06  938.36  935.66  932.97  927.60  916.92  895.81  854.64  776.97  642.48  451.73  252.96  100.15   29.87   20.24   19.97   19.97
 0.34000435110312D-07   1410.00 1410.00 1410.00 1410.00 1410.00 1410.00 1410.00 1410.00 1410.00 1410.00 1410.00 1410.00 1410.00 1410.00 1410.00 1410.00 1410.00 1410.00 1410.00 1410.00 1410.00 1410.00 1410.00 1410.00 1410.00 1410.00 1410.00 1410.00 1410.00 1407.83 1405.07 1402.31 1399.56 1396.80 1394.04 1391.28 1388.52 1385.76 1383.00 1380.24 1377.48 1374.72 1371.96 1369.20 1366.44 1363.68 1360.91 1358.15 1355.38 1352.62 1349.85 1347.08 1344.31 1341.54 1338.77 1335.99 1333.22 1330.44 1327.66 1324.88 1322.10 1319.32 1316.53 1313.74 1310.96 1308.17 1305.38 1302.58 1299.79 1296.99 1294.20 1291.40 1288.60 1285.79 1282.99 1280.19 1277.38 1274.57 1271.76 1268.95 1266.14 1263.32 1260.51 1257.69 1254.87 1252.05 1249.23 1246.41 1243.59 1240.77 1237.94 1235.12 1232.29 1229.47 1226.64 1223.81 1220.98 1218.15 1215.32 1212.49 1209.66 1206.83 1203.99 1201.16 1198.33 1195.49 1192.66 1189.83 1186.99 1184.16 1181.33 1178.49 1175.66 1172.82 1169.99 1167.16 1164.33 1161.49 1158.66 1155.83 1153.00 1150.17 1147.34 1144.51 1141.68 1138.86 1136.03 1133.21 1130.38 1127.56 1124.74 1121.92 1119.10 1116.28 1113.46 1110.64 1107.83 1105.02 1102.20 1099.39 1096.58 1093.78 1090.97 1088.17 1085.37 1082.57 1079.77 1076.97 1074.18 1071.39 1068.60 1065.81 1063.02 1060.24 1057.46 1054.68 1051.91 1049.13 1046.36 1043.59 1040.83 1038.06 1035.30 1032.54 1029.79 1027.04 1024.29 1021.54 1018.80 1016.06 1013.32 1010.59 1007.86 1005.13 1002.40  999.68  996.97  994.25  991.54  988.83  986.13  983.43  980.73  978.04  975.35  972.67  969.99  967.31  964.64  961.97  959.30  956.64  953.98  951.33  948.68  946.04  943.40  940.76  938.13  935.50  930.26  919.83  899.20  858.92  782.71  649.91  459.44  258.82  103.45   30.61   20.27   19.97   19.97
 0.35000449492806D-07   1410.00 1410.00 1410.00 1410.00 1410.00 1410.00 1410.00 1410.00 1410.00 1410.00 1410.00 1410.00 1410.00 1410.00 1410.00 1410.00 1410.00 1410.00 1410.00 1410.00 1410.00 1410.00 1410.00 1410.00 1410.00 1407.92 1405.27 1402.62 1399.98 1397.33 1394.68 1392.03 1389.38 1386.73 1384.08 1381.43 1378.78 1376.12 1373.47 1370.81 1368.15 1365.49 1362.83 1360.17 1357.50 1354.83 1352.16 1349.49 1346.82 1344.14 1341.46 1338.78 1336.10 1333.41 1330.73 1328.04 1325.34 1322.65 1319.95 1317.25 1314.55 1311.84 1309.13 1306.42 1303.71 1301.00 1298.28 1295.56 1292.84 1290.12 1287.39 1284.67 1281.94 1279.21 1276.48 1273.74 1271.01 1268.27 1265.53 1262.79 1260.05 1257.30 1254.56 1251.81 1249.07 1246.32 1243.57 1240.82 1238.07 1235.31 1232.56 1229.81 1227.05 1224.29 1221.54 1218.78 1216.02 1213.26 1210.50 1207.75 1204.99 1202.23 1199.47 1196.70 1193.94 1191.18 1188.42 1185.66 1182.90 1180.14 1177.38 1174.62 1171.85 1169.09 1166.33 1163.57 1160.81 1158.06 1155.30 1152.54 1149.78 1147.02 1144.27 1141.51 1138.76 1136.00 1133.25 1130.50 1127.75 1124.99 1122.25 1119.50 1116.75 1114.00 1111.26 1108.51 1105.77 1103.03 1100.29 1097.55 1094.82 1092.08 1089.35 1086.62 1083.89 1081.16 1078.43 1075.71 1072.98 1070.26 1067.54 1064.83 1062.11 1059.40 1056.69 1053.98 1051.27 1048.57 1045.87 1043.17 1040.47 1037.78 1035.08 1032.40 1029.71 1027.02 1024.34 1021.67 1018.99 1016.32 1013.65 1010.98 1008.32 1005.65 1003.00 1000.34  997.69  995.04  992.40  989.75  987.11  984.48  981.85  979.22  976.59  973.97  971.35  968.74  966.13  963.52  960.92  958.32  955.73  953.13  950.55  947.96  945.38  942.81  940.24  937.67  932.54  922.35  902.17  862.73  787.92  656.81  466.81  264.55  106.72   31.36   20.30   19.97   19.97
 0.36000453683518D-07   1410.00 1410.00 1410.00 1410.00 1410.00 1410.00 1410.00 1410.00 1410.00 1410.00 1410.00 1410.00 1410.00 1410.00 1410.00 1410.00 1410.00 1410.00 1410.00 1410.00 1410.00 1408.08 1405.62 1403.17 1400.71 1398.25 1395.78 1393.30 1390.82 1388.33 1385.83 1383.32 1380.80 1378.27 1375.73 1373.19 1370.63 1368.06 1365.49 1362.91 1360.32 1357.72 1355.12 1352.51 1349.90 1347.28 1344.66 1342.03 1339.40 1336.77 1334.13 1331.49 1328.85 1326.21 1323.56 1320.92 1318.27 1315.62 1312.97 1310.32 1307.66 1305.01 1302.35 1299.69 1297.03 1294.37 1291.71 1289.04 1286.38 1283.71 1281.04 1278.38 1275.71 1273.04 1270.36 1267.69 1265.02 1262.34 1259.66 1256.99 1254.31 1251.63 1248.95 1246.26 1243.58 1240.90 1238.21 1235.53 1232.84 1230.15 1227.47 1224.78 1222.09 1219.40 1216.71 1214.02 1211.33 1208.64 1205.94 1203.25 1200.56 1197.87 1195.17 1192.48 1189.79 1187.09 1184.40 1181.70 1179.01 1176.32 1173.62 1170.93 1168.23 1165.54 1162.85 1160.15 1157.46 1154.77 1152.08 1149.39 1146.70 1144.01 1141.32 1138.63 1135.94 1133.25 1130.57 1127.88 1125.20 1122.51 1119.83 1117.15 1114.47 1111.79 1109.11 1106.43 1103.75 1101.08 1098.41 1095.73 1093.06 1090.39 1087.73 1085.06 1082.39 1079.73 1077.07 1074.41 1071.75 1069.10 1066.44 1063.79 1061.14 1058.49 1055.85 1053.20 1050.56 1047.92 1045.28 1042.65 1040.01 1037.38 1034.75 1032.13 1029.50 1026.88 1024.26 1021.65 1019.03 1016.42 1013.82 1011.21 1008.61 1006.01 1003.41 1000.82  998.23  995.64  993.05  990.47  987.89  985.32  982.75  980.18  977.61  975.05  972.49  969.93  967.38  964.83  962.29  959.75  957.21  954.67  952.14  949.61  947.09  944.57  942.06  939.54  934.53  924.55  904.80  866.14  792.67  663.24  473.84  270.12  109.96   32.13   20.34   19.97   19.97
 0.37000464486028D-07   1410.00 1410.00 1410.00 1410.00 1410.00 1410.00 1410.00 1410.00 1410.00 1410.00 1410.00 1410.00 1410.00 1410.00 1410.00 1410.00 1410.00 1410.00 1408.02 1405.50 1402.97 1400.45 1397.93 1395.40 1392.88 1390.36 1387.83 1385.31 1382.78 1380.25 1377.72 1375.19 1372.66 1370.13 1367.60 1365.06 1362.53 1359.99 1357.45 1354.91 1352.36 1349.82 1347.27 1344.72 1342.17 1339.61 1337.06 1334.50 1331.94 1329.37 1326.81 1324.24 1321.67 1319.10 1316.53 1313.95 1311.37 1308.79 1306.21 1303.62 1301.04 1298.45 1295.86 1293.26 1290.67 1288.07 1285.48 1282.87 1280.27 1277.67 1275.06 1272.46 1269.85 1267.24 1264.63 1262.02 1259.40 1256.79 1254.17 1251.55 1248.93 1246.31 1243.69 1241.07 1238.45 1235.82 1233.20 1230.57 1227.95 1225.32 1222.69 1220.07 1217.44 1214.81 1212.18 1209.55 1206.91 1204.28 1201.65 1199.02 1196.39 1193.75 1191.12 1188.49 1185.86 1183.22 1180.59 1177.96 1175.32 1172.69 1170.06 1167.43 1164.79 1162.16 1159.53 1156.90 1154.27 1151.64 1149.01 1146.38 1143.75 1141.12 1138.49 1135.86 1133.24 1130.61 1127.98 1125.36 1122.74 1120.11 1117.49 1114.87 1112.25 1109.63 1107.02 1104.40 1101.78 1099.17 1096.56 1093.95 1091.34 1088.73 1086.12 1083.52 1080.91 1078.31 1075.71 1073.11 1070.51 1067.92 1065.32 1062.73 1060.14 1057.55 1054.96 1052.38 1049.80 1047.21 1044.64 1042.06 1039.49 1036.91 1034.34 1031.78 1029.21 1026.65 1024.09 1021.53 1018.97 1016.42 1013.87 1011.32 1008.78 1006.23 1003.69 1001.16  998.62  996.09  993.56  991.04  988.51  985.99  983.48  980.96  978.45  975.94  973.44  970.94  968.44  965.95  963.45  960.97  958.48  956.00  953.52  951.05  948.58  946.11  943.65  941.19  936.28  926.50  907.14  869.23  797.03  669.25  480.57  275.56  113.16   32.92   20.38   19.97   19.97
 0.38000477342951D-07   1410.00 1410.00 1410.00 1410.00 1410.00 1410.00 1410.00 1410.00 1410.00 1410.00 1410.00 1410.00 1410.00 1410.00 1410.00 1408.04 1405.53 1403.03 1400.53 1398.03 1395.52 1393.02 1390.52 1388.02 1385.52 1383.01 1380.51 1378.01 1375.51 1373.00 1370.50 1367.99 1365.49 1362.98 1360.47 1357.97 1355.46 1352.95 1350.44 1347.93 1345.41 1342.90 1340.39 1337.87 1335.35 1332.83 1330.31 1327.79 1325.27 1322.75 1320.22 1317.69 1315.17 1312.64 1310.11 1307.57 1305.04 1302.51 1299.97 1297.43 1294.89 1292.35 1289.81 1287.27 1284.72 1282.18 1279.63 1277.08 1274.53 1271.98 1269.43 1266.87 1264.32 1261.76 1259.21 1256.65 1254.09 1251.53 1248.97 1246.41 1243.84 1241.28 1238.71 1236.15 1233.58 1231.01 1228.44 1225.88 1223.31 1220.73 1218.16 1215.59 1213.02 1210.45 1207.87 1205.30 1202.73 1200.15 1197.58 1195.00 1192.43 1189.85 1187.27 1184.70 1182.12 1179.55 1176.97 1174.39 1171.82 1169.24 1166.67 1164.09 1161.52 1158.94 1156.37 1153.79 1151.22 1148.64 1146.07 1143.50 1140.93 1138.35 1135.78 1133.21 1130.64 1128.07 1125.51 1122.94 1120.37 1117.81 1115.24 1112.68 1110.11 1107.55 1104.99 1102.43 1099.87 1097.32 1094.76 1092.21 1089.65 1087.10 1084.55 1082.00 1079.45 1076.90 1074.36 1071.82 1069.27 1066.73 1064.20 1061.66 1059.12 1056.59 1054.06 1051.53 1049.00 1046.48 1043.95 1041.43 1038.91 1036.39 1033.88 1031.37 1028.85 1026.35 1023.84 1021.33 1018.83 1016.33 1013.84 1011.34 1008.85 1006.36 1003.87 1001.39  998.91  996.43  993.95  991.48  989.01  986.54  984.07  981.61  979.15  976.70  974.24  971.79  969.35  966.90  964.46  962.02  959.59  957.16  954.73  952.30  949.88  947.46  945.05  942.64  937.82  928.24  909.26  872.04  801.05  674.88  487.01  280.85  116.33   33.73   20.42   19.97   19.97
 0.39000493857334D-07   1410.00 1410.00 1410.00 1410.00 1410.00 1410.00 1410.00 1410.00 1410.00 1410.00 1410.00 1408.14 1405.78 1403.41 1401.04 1398.67 1396.30 1393.93 1391.56 1389.18 1386.81 1384.43 1382.04 1379.66 1377.27 1374.88 1372.49 1370.09 1367.69 1365.28 1362.87 1360.46 1358.04 1355.62 1353.20 1350.77 1348.34 1345.91 1343.47 1341.03 1338.58 1336.14 1333.69 1331.23 1328.77 1326.31 1323.85 1321.39 1318.92 1316.45 1313.98 1311.50 1309.02 1306.55 1304.06 1301.58 1299.10 1296.61 1294.12 1291.63 1289.14 1286.65 1284.15 1281.66 1279.16 1276.66 1274.16 1271.66 1269.16 1266.66 1264.15 1261.65 1259.14 1256.63 1254.12 1251.62 1249.11 1246.59 1244.08 1241.57 1239.06 1236.54 1234.03 1231.51 1229.00 1226.48 1223.96 1221.44 1218.92 1216.41 1213.89 1211.37 1208.84 1206.32 1203.80 1201.28 1198.76 1196.24 1193.71 1191.19 1188.67 1186.15 1183.62 1181.10 1178.58 1176.05 1173.53 1171.01 1168.48 1165.96 1163.44 1160.92 1158.39 1155.87 1153.35 1150.83 1148.31 1145.79 1143.27 1140.75 1138.23 1135.71 1133.19 1130.67 1128.16 1125.64 1123.13 1120.61 1118.10 1115.59 1113.07 1110.56 1108.05 1105.54 1103.04 1100.53 1098.02 1095.52 1093.01 1090.51 1088.01 1085.51 1083.01 1080.52 1078.02 1075.53 1073.03 1070.54 1068.05 1065.56 1063.08 1060.59 1058.11 1055.63 1053.15 1050.67 1048.19 1045.72 1043.25 1040.78 1038.31 1035.84 1033.38 1030.91 1028.45 1026.00 1023.54 1021.09 1018.63 1016.19 1013.74 1011.29 1008.85 1006.41 1003.97 1001.54  999.11  996.68  994.25  991.82  989.40  986.98  984.57  982.15  979.74  977.33  974.93  972.52  970.12  967.73  965.33  962.94  960.56  958.17  955.79  953.41  951.04  948.66  946.29  943.93  939.21  929.81  911.17  874.62  804.78  680.18  493.18  286.02  119.47   34.55   20.46   19.97   19.97
 0.40000520373384D-07   1410.00 1410.00 1410.00 1410.00 1410.00 1410.00 1410.00 1410.00 1408.15 1405.79 1403.42 1401.06 1398.70 1396.34 1393.98 1391.62 1389.26 1386.89 1384.53 1382.16 1379.80 1377.43 1375.06 1372.69 1370.32 1367.95 1365.57 1363.19 1360.82 1358.44 1356.05 1353.67 1351.28 1348.90 1346.51 1344.11 1341.72 1339.32 1336.92 1334.52 1332.12 1329.71 1327.31 1324.90 1322.49 1320.07 1317.66 1315.24 1312.82 1310.40 1307.97 1305.55 1303.12 1300.69 1298.26 1295.82 1293.39 1290.95 1288.51 1286.07 1283.63 1281.19 1278.74 1276.29 1273.85 1271.40 1268.95 1266.49 1264.04 1261.59 1259.13 1256.68 1254.22 1251.76 1249.30 1246.84 1244.38 1241.91 1239.45 1236.98 1234.52 1232.05 1229.59 1227.12 1224.65 1222.18 1219.71 1217.24 1214.77 1212.30 1209.83 1207.36 1204.89 1202.42 1199.94 1197.47 1195.00 1192.52 1190.05 1187.58 1185.10 1182.63 1180.15 1177.68 1175.21 1172.73 1170.26 1167.78 1165.31 1162.84 1160.36 1157.89 1155.42 1152.94 1150.47 1148.00 1145.53 1143.06 1140.59 1138.12 1135.65 1133.18 1130.71 1128.24 1125.77 1123.31 1120.84 1118.38 1115.91 1113.45 1110.99 1108.53 1106.07 1103.61 1101.15 1098.69 1096.23 1093.78 1091.32 1088.87 1086.42 1083.97 1081.52 1079.07 1076.62 1074.18 1071.73 1069.29 1066.85 1064.41 1061.97 1059.54 1057.10 1054.67 1052.24 1049.81 1047.38 1044.95 1042.53 1040.11 1037.69 1035.27 1032.85 1030.44 1028.02 1025.61 1023.20 1020.80 1018.39 1015.99 1013.59 1011.19 1008.80 1006.40 1004.01 1001.62  999.24  996.85  994.47  992.09  989.72  987.34  984.97  982.60  980.24  977.87  975.51  973.16  970.80  968.45  966.10  963.75  961.41  959.07  956.73  954.40  952.06  949.74  947.41  945.09  940.45  931.22  912.91  876.99  808.25  685.18  499.10  291.05  122.56   35.38   20.50   19.97   19.97
 0.41000537363634D-07   1410.00 1410.00 1410.00 1410.00 1410.00 1408.17 1405.83 1403.50 1401.16 1398.83 1396.50 1394.16 1391.83 1389.49 1387.16 1384.82 1382.49 1380.15 1377.81 1375.47 1373.14 1370.80 1368.45 1366.11 1363.77 1361.43 1359.08 1356.73 1354.39 1352.04 1349.69 1347.33 1344.98 1342.62 1340.27 1337.91 1335.55 1333.19 1330.82 1328.46 1326.09 1323.72 1321.35 1318.98 1316.61 1314.23 1311.86 1309.48 1307.10 1304.72 1302.34 1299.95 1297.56 1295.18 1292.79 1290.40 1288.00 1285.61 1283.21 1280.82 1278.42 1276.02 1273.62 1271.21 1268.81 1266.41 1264.00 1261.59 1259.18 1256.77 1254.36 1251.95 1249.54 1247.13 1244.71 1242.30 1239.88 1237.46 1235.04 1232.62 1230.20 1227.78 1225.36 1222.94 1220.52 1218.10 1215.67 1213.25 1210.82 1208.40 1205.97 1203.55 1201.12 1198.70 1196.27 1193.84 1191.41 1188.99 1186.56 1184.13 1181.70 1179.28 1176.85 1174.42 1171.99 1169.56 1167.14 1164.71 1162.28 1159.85 1157.43 1155.00 1152.57 1150.15 1147.72 1145.30 1142.87 1140.45 1138.02 1135.60 1133.18 1130.75 1128.33 1125.91 1123.49 1121.07 1118.65 1116.23 1113.81 1111.40 1108.98 1106.57 1104.15 1101.74 1099.33 1096.92 1094.51 1092.10 1089.69 1087.28 1084.88 1082.47 1080.07 1077.67 1075.26 1072.86 1070.47 1068.07 1065.67 1063.28 1060.89 1058.50 1056.11 1053.72 1051.33 1048.95 1046.57 1044.19 1041.81 1039.43 1037.05 1034.68 1032.31 1029.94 1027.57 1025.20 1022.84 1020.48 1018.12 1015.76 1013.40 1011.05 1008.70 1006.35 1004.00 1001.66  999.31  996.97  994.63  992.30  989.97  987.63  985.31  982.98  980.66  978.34  976.02  973.70  971.39  969.08  966.77  964.47  962.17  959.87  957.57  955.28  952.99  950.70  948.41  946.13  941.58  932.51  914.51  879.19  811.49  689.91  504.79  295.96  125.62   36.23   20.55   19.97   19.97
 0.42000557829887D-07   1410.00 1410.00 1408.19 1405.89 1403.59 1401.29 1398.99 1396.69 1394.39 1392.08 1389.78 1387.48 1385.18 1382.88 1380.58 1378.27 1375.97 1373.66 1371.36 1369.05 1366.75 1364.44 1362.13 1359.82 1357.51 1355.20 1352.89 1350.58 1348.26 1345.95 1343.63 1341.31 1338.99 1336.67 1334.35 1332.03 1329.70 1327.37 1325.05 1322.72 1320.39 1318.05 1315.72 1313.39 1311.05 1308.71 1306.37 1304.03 1301.69 1299.35 1297.00 1294.66 1292.31 1289.96 1287.61 1285.26 1282.91 1280.55 1278.20 1275.84 1273.48 1271.12 1268.76 1266.40 1264.04 1261.67 1259.31 1256.94 1254.58 1252.21 1249.84 1247.47 1245.10 1242.73 1240.35 1237.98 1235.61 1233.23 1230.85 1228.48 1226.10 1223.72 1221.35 1218.97 1216.59 1214.21 1211.83 1209.45 1207.06 1204.68 1202.30 1199.92 1197.53 1195.15 1192.77 1190.38 1188.00 1185.62 1183.23 1180.85 1178.46 1176.08 1173.69 1171.31 1168.93 1166.54 1164.16 1161.77 1159.39 1157.01 1154.62 1152.24 1149.86 1147.47 1145.09 1142.71 1140.33 1137.95 1135.57 1133.19 1130.81 1128.43 1126.05 1123.67 1121.30 1118.92 1116.55 1114.17 1111.80 1109.42 1107.05 1104.68 1102.31 1099.94 1097.57 1095.20 1092.84 1090.47 1088.11 1085.74 1083.38 1081.02 1078.66 1076.30 1073.94 1071.59 1069.23 1066.88 1064.53 1062.18 1059.83 1057.48 1055.13 1052.79 1050.44 1048.10 1045.76 1043.42 1041.09 1038.75 1036.42 1034.09 1031.76 1029.43 1027.10 1024.78 1022.46 1020.14 1017.82 1015.50 1013.19 1010.87 1008.56 1006.26 1003.95 1001.65  999.34  997.04  994.75  992.45  990.16  987.87  985.58  983.30  981.01  978.73  976.46  974.18  971.91  969.64  967.37  965.10  962.84  960.58  958.32  956.07  953.82  951.57  949.32  947.08  942.60  933.68  915.99  881.22  814.53  694.39  510.25  300.74  128.64   37.09   20.60   19.97   19.97
 0.43000566878827D-07   1299.02 1299.01 1298.96 1298.88 1298.77 1298.63 1298.45 1298.25 1298.01 1297.74 1297.44 1297.11 1296.75 1296.35 1295.93 1295.47 1294.99 1294.47 1293.92 1293.35 1292.74 1292.10 1291.43 1290.74 1290.01 1289.25 1288.47 1287.66 1286.81 1285.94 1285.05 1284.12 1283.17 1282.19 1281.18 1280.14 1279.08 1277.99 1276.88 1275.74 1274.57 1273.38 1272.17 1270.93 1269.66 1268.37 1267.06 1265.73 1264.37 1262.99 1261.58 1260.16 1258.71 1257.24 1255.75 1254.24 1252.71 1251.16 1249.59 1247.99 1246.38 1244.76 1243.11 1241.44 1239.76 1238.06 1236.34 1234.60 1232.85 1231.08 1229.30 1227.50 1225.68 1223.85 1222.01 1220.15 1218.27 1216.39 1214.48 1212.57 1210.64 1208.70 1206.75 1204.79 1202.81 1200.83 1198.83 1196.82 1194.80 1192.77 1190.73 1188.68 1186.63 1184.56 1182.48 1180.40 1178.30 1176.20 1174.09 1171.97 1169.85 1167.71 1165.57 1163.43 1161.27 1159.11 1156.95 1154.78 1152.60 1150.42 1148.23 1146.03 1143.84 1141.63 1139.43 1137.21 1135.00 1132.78 1130.55 1128.32 1126.09 1123.86 1121.62 1119.38 1117.13 1114.88 1112.63 1110.38 1108.13 1105.87 1103.61 1101.35 1099.08 1096.82 1094.55 1092.29 1090.02 1087.75 1085.47 1083.20 1080.93 1078.65 1076.38 1074.10 1071.82 1069.55 1067.27 1064.99 1062.71 1060.44 1058.16 1055.88 1053.60 1051.33 1049.05 1046.77 1044.50 1042.22 1039.95 1037.67 1035.40 1033.12 1030.85 1028.58 1026.31 1024.04 1021.77 1019.51 1017.24 1014.98 1012.72 1010.45 1008.19 1005.94 1003.68 1001.42  999.17  996.92  994.67  992.42  990.17  987.93  985.69  983.45  981.21  978.97  976.74  974.50  972.27  970.05  967.82  965.60  963.38  961.16  958.94  956.73  954.51  952.31  950.10  947.90  943.50  934.73  917.33  883.12  817.39  698.64  515.51  305.41  131.62   37.97   20.65   19.97   19.97
